1689251392
1689251392
1689251392
1689251392
1689251392
1689251392
1689251392
1689251392
1689251392
1689251392
1689251392
1689251392
1689251392
1689251392
1689251392
1689251393
1689251393
1689251393
1689251393
1689251393
1689251393
1689251393
1689251393
1689251393
1689251393
1689251393
1689251393
1689251393
1689251393
1689251393
1689251394
1689251394
1689251394
1689251394
1689251394
1689251394
1689251394
1689251394
1689251394
1689251394
1689251394
1689251394
1689251394
1689251394
1689251394
1689251395
1689251395
1689251395
1689251395
1689251395
1689251395
1689251395
1689251395
1689251395
1689251395
1689251395
1689251395
1689251395
1689251395
1689251395
1689251396
1689251396
1689251396
1689251396
1689251396
1689251396
1689251396
1689251396
1689251396
1689251396
1689251396
1689251396
1689251396
1689251396
1689251396
1689251397
1689251397
1689251397
1689251397
1689251397
1689251397
1689251397
1689251397
1689251397
1689251397
1689251397
1689251397
1689251397
1689251397
1689251397
1689251398
1689251398
1689251398
1689251398
1689251398
1689251398
1689251398
1689251398
1689251398
1689251398
1689251398
1689251398
1689251398
1689251398
1689251398
1689251398
1689251399
1689251399
1689251399
1689251399
1689251399
1689251399
1689251399
1689251399
1689251399
1689251399
1689251399
1689251399
1689251399
1689251399
1689251399
1689251400
1689251400
1689251400
1689251400
1689251400
1689251400
1689251400
1689251400
1689251400
1689251400
1689251400
1689251400
1689251400
1689251400
1689251400
1689251401
1689251401
1689251401
1689251401
1689251401
1689251401
1689251401
1689251401
1689251401
1689251401
1689251401
1689251401
1689251401
1689251401
1689251402
1689251402
1689251402
1689251402
1689251402
1689251402
1689251402
1689251402
1689251402
1689251402
1689251402
1689251402
1689251402
1689251402
1689251402
1689251403
1689251403
1689251403
1689251403
1689251403
1689251403
1689251403
1689251403
1689251403
1689251403
1689251403
1689251403
1689251403
1689251403
1689251403
1689251404
1689251404
1689251404
1689251404
1689251404
1689251404
1689251404
1689251404
1689251404
1689251404
1689251404
1689251404
1689251404
1689251404
1689251404
1689251405
1689251405
1689251405
1689251405
1689251405
1689251405
1689251405
1689251405
1689251405
1689251405
1689251405
1689251405
1689251405
1689251405
1689251405
1689251406
1689251406
1689251406
1689251406
1689251406
1689251406
1689251406
1689251406
1689251406
1689251406
1689251406
1689251406
1689251407
1689251407
1689251407
1689251407
1689251407
1689251407
1689251407
1689251407
1689251407
1689251407
1689251407
1689251407
1689251407
1689251407
1689251407
1689251408
1689251408
1689251408
1689251408
1689251408
1689251408
1689251408
1689251408
1689251408
1689251408
1689251408
1689251408
1689251408
1689251408
1689251408
1689251409
1689251409
1689251409
1689251409
1689251409
1689251409
1689251409
1689251409
1689251409
1689251409
1689251409
1689251409
1689251409
1689251409
1689251409
1689251410
1689251410
1689251410
1689251410
1689251410
1689251410
1689251410
1689251410
1689251410
1689251410
1689251410
1689251410
1689251410
1689251410
1689251410
1689251411
1689251411
1689251411
1689251411
1689251411
1689251411
1689251411
1689251411
1689251411
1689251411
1689251411
1689251411
1689251411
1689251411
1689251411
1689251412
1689251412
1689251412
1689251412
1689251412
1689251412
1689251412
1689251412
1689251412
1689251412
1689251412
1689251412
1689251412
1689251412
1689251412
1689251413
1689251413
1689251413
1689251413
1689251413
1689251413
1689251413
1689251413
1689251413
1689251413
1689251413
1689251413
1689251413
1689251413
1689251413
1689251414
1689251414
1689251414
1689251414
1689251414
1689251414
1689251414
1689251414
1689251414
1689251414
1689251414
1689251414
1689251414
1689251414
1689251414
1689251415
1689251415
1689251415
1689251415
1689251415
1689251415
1689251415
1689251415
1689251415
1689251415
1689251415
1689251415
1689251415
1689251415
1689251415
1689251416
1689251416
1689251416
1689251416
1689251416
1689251416
1689251416
1689251416
1689251416
1689251416
1689251416
1689251416
1689251416
1689251416
1689251416
1689251417
1689251417
1689251417
1689251417
1689251417
1689251417
1689251417
1689251417
1689251417
1689251417
1689251417
1689251417
1689251417
1689251418
1689251418
1689251418
1689251418
1689251418
1689251418
1689251418
1689251418
1689251418
1689251418
1689251418
1689251418
1689251418
1689251419
1689251419
1689251419
1689251419
1689251419
1689251419
1689251419
1689251419
1689251419
1689251419
1689251419
1689251419
1689251419
1689251419
1689251419
1689251420
1689251420
1689251420
1689251420
1689251420
1689251420
1689251420
1689251420
1689251420
1689251420
1689251420
1689251420
1689251420
1689251420
1689251420
1689251421
1689251421
1689251421
1689251421
1689251421
1689251421
1689251421
1689251421
1689251421
1689251421
1689251421
1689251421
1689251421
1689251421
1689251422
1689251422
1689251422
1689251422
1689251422
1689251422
1689251422
1689251422
1689251422
1689251422
1689251422
1689251422
1689251422
1689251422
1689251422
1689251423
1689251423
1689251423
1689251423
1689251423
1689251423
1689251423
1689251423
1689251423
1689251423
1689251423
1689251423
1689251423
1689251423
1689251424
1689251424
1689251424
1689251424
1689251424
1689251424
1689251424
1689251424
1689251424
1689251424
1689251424
1689251424
1689251424
1689251424
1689251424
1689251425
1689251425
1689251425
1689251425
1689251425
1689251425
1689251425
1689251425
1689251425
1689251425
1689251425
1689251425
1689251425
1689251426
1689251426
1689251426
1689251426
1689251426
1689251426
1689251426
1689251426
1689251426
1689251426
1689251426
1689251426
1689251426
1689251426
1689251427
1689251427
1689251427
1689251427
1689251427
1689251427
1689251427
1689251427
1689251427
1689251427
1689251427
1689251427
1689251427
1689251427
1689251427
1689251428
1689251428
1689251428
1689251428
1689251428
1689251428
1689251428
1689251428
1689251428
1689251428
1689251428
1689251428
1689251428
1689251428
1689251428
1689251429
1689251429
1689251429
1689251429
1689251429
1689251429
1689251429
1689251429
1689251429
1689251429
1689251429
1689251429
1689251429
1689251429
1689251429
1689251430
1689251430
1689251430
1689251430
1689251430
1689251430
1689251430
1689251430
1689251430
1689251430
1689251430
1689251430
1689251430
1689251430
1689251430
1689251431
1689251431
1689251431
1689251431
1689251431
1689251431
1689251431
1689251431
1689251431
1689251431
1689251431
1689251431
1689251431
1689251432
1689251432
1689251432
1689251432
1689251432
1689251432
1689251432
1689251432
1689251432
1689251432
1689251432
1689251432
1689251432
1689251432
1689251432
1689251433
1689251433
1689251433
1689251433
1689251433
1689251433
1689251433
1689251433
1689251433
1689251433
1689251433
1689251433
1689251433
1689251433
1689251434
1689251434
1689251434
1689251434
1689251434
1689251434
1689251434
1689251434
1689251434
1689251434
1689251434
1689251434
1689251434
1689251434
1689251435
1689251435
1689251435
1689251435
1689251435
1689251435
1689251435
1689251435
1689251435
1689251435
1689251435
1689251435
1689251435
1689251435
1689251436
1689251436
1689251436
1689251436
1689251436
1689251436
1689251436
1689251436
1689251436
1689251436
1689251436
1689251436
1689251436
1689251436
1689251437
1689251437
1689251437
1689251437
1689251437
1689251437
1689251437
1689251437
1689251437
1689251437
1689251437
1689251437
1689251437
1689251437
1689251437
1689251438
1689251438
1689251438
1689251438
1689251438
1689251438
1689251438
1689251438
1689251438
1689251438
1689251438
1689251438
1689251438
1689251438
1689251438
1689251439
1689251439
1689251439
1689251439
1689251439
1689251439
1689251439
1689251439
1689251439
1689251439
1689251439
1689251439
1689251439
1689251440
1689251440
1689251440
1689251440
1689251440
1689251440
1689251440
1689251440
1689251440
1689251440
1689251440
1689251440
1689251440
1689251440
1689251440
1689251441
1689251441
1689251441
1689251441
1689251441
1689251441
1689251441
1689251441
1689251441
1689251441
1689251441
1689251441
1689251441
1689251441
1689251441
1689251442
1689251442
1689251442
1689251442
1689251442
1689251442
1689251442
1689251442
1689251442
1689251442
1689251442
1689251442
1689251442
1689251442
1689251442
1689251443
1689251443
1689251443
1689251443
1689251443
1689251443
1689251443
1689251443
1689251443
1689251443
1689251443
1689251443
1689251443
1689251443
1689251443
1689251444
1689251444
1689251444
1689251444
1689251444
1689251444
1689251444
1689251444
1689251444
1689251444
1689251444
1689251444
1689251444
1689251444
1689251444
1689251444
1689251445
1689251445
1689251445
1689251445
1689251445
1689251445
1689251445
1689251445
1689251445
1689251445
1689251445
1689251445
1689251445
1689251445
1689251445
1689251446
1689251446
1689251446
1689251446
1689251446
1689251446
1689251446
1689251446
1689251446
1689251446
1689251446
1689251446
1689251446
1689251446
1689251447
1689251447
1689251447
1689251447
1689251447
1689251447
1689251447
1689251447
1689251447
1689251447
1689251447
1689251447
1689251447
1689251447
1689251448
1689251448
1689251448
1689251448
1689251448
1689251448
1689251448
1689251448
1689251448
1689251448
1689251448
1689251448
1689251448
1689251448
1689251449
1689251449
1689251449
1689251449
1689251449
1689251449
1689251449
1689251449
1689251449
1689251449
1689251449
1689251449
1689251449
1689251449
1689251449
1689251450
1689251450
1689251450
1689251450
1689251450
1689251450
1689251450
1689251450
1689251450
1689251450
1689251450
1689251450
1689251450
1689251450
1689251450
1689251451
1689251451
1689251451
1689251451
1689251451
1689251451
1689251451
1689251451
1689251451
1689251451
1689251451
1689251451
1689251451
1689251451
1689251451
1689251452
1689251452
1689251452
1689251452
1689251452
1689251452
1689251452
1689251452
1689251452
1689251452
1689251452
1689251452
1689251452
1689251452
1689251453
1689251453
1689251453
1689251453
1689251453
1689251453
1689251453
1689251453
1689251453
1689251453
1689251453
1689251453
1689251453
1689251453
1689251453
1689251454
1689251454
1689251454
1689251454
1689251454
1689251454
1689251454
1689251454
1689251454
1689251454
1689251454
1689251454
1689251454
1689251454
1689251455
1689251455
1689251455
1689251455
1689251455
1689251455
1689251455
1689251455
1689251455
1689251455
1689251455
1689251455
1689251455
1689251455
1689251456
1689251456
1689251456
1689251456
1689251456
1689251456
1689251456
1689251456
1689251456
1689251456
1689251456
1689251456
1689251456
1689251456
1689251456
1689251457
1689251457
1689251457
1689251457
1689251457
1689251457
1689251457
1689251457
1689251457
1689251457
1689251457
1689251457
1689251457
1689251457
1689251457
1689251458
1689251458
1689251458
1689251458
1689251458
1689251458
1689251458
1689251458
1689251458
1689251458
1689251458
1689251458
1689251458
1689251458
1689251459
1689251459
1689251459
1689251459
1689251459
1689251459
1689251459
1689251459
1689251459
1689251459
1689251459
1689251459
1689251459
1689251459
1689251460
1689251460
1689251460
1689251460
1689251460
1689251460
1689251460
1689251577
1689251577
1689251577
1689251577
1689251577
1689251578
1689251578
1689251578
1689251578
1689251578
1689251578
1689251578
1689251578
1689251578
1689251578
1689251578
1689251578
1689251578
1689251578
1689251578
1689251579
1689251579
1689251579
1689251579
1689251579
1689251579
1689251579
1689251579
1689251579
1689251579
1689251579
1689251579
1689251579
1689251579
1689251579
1689251579
1689251580
1689251580
1689251580
1689251580
1689251580
1689251580
1689251580
1689251580
1689251580
1689251580
1689251580
1689251580
1689251580
1689251580
1689251580
1689251581
1689251581
1689251581
1689251581
1689251581
1689251581
1689251581
1689251581
1689251581
1689251581
1689251581
1689251581
1689251581
1689251581
1689251581
1689251582
1689251582
1689251582
1689251582
1689251582
1689251582
1689251582
1689251582
1689251582
1689251582
1689251582
1689251582
1689251582
1689251582
1689251582
1689251583
1689251583
1689251583
1689251583
1689251583
1689251583
1689251583
1689251583
1689251583
1689251583
1689251583
1689251583
1689251583
1689251584
1689251584
1689251584
1689251584
1689251584
1689251584
1689251584
1689251584
1689251584
1689251584
1689251584
1689251584
1689251584
1689251584
1689251585
1689251585
1689251585
1689251585
1689251585
1689251585
1689251585
1689251585
1689251585
1689251585
1689251585
1689251585
1689251585
1689251585
1689251585
1689251586
1689251586
1689251586
1689251586
1689251586
1689251586
1689251586
1689251586
1689251586
1689251586
1689251586
1689251586
1689251586
1689251586
1689251587
1689251587
1689251587
1689251587
1689251587
1689251587
1689251587
1689251587
1689251587
1689251587
1689251587
1689251587
1689251587
1689251587
1689251587
1689251588
1689251588
1689251588
1689251588
1689251588
1689251588
1689251588
1689251588
1689251588
1689251588
1689251588
1689251588
1689251588
1689251588
1689251588
1689251588
1689251589
1689251589
1689251589
1689251589
1689251589
1689251589
1689251589
1689251589
1689251589
1689251589
1689251589
1689251589
1689251589
1689251589
1689251590
1689251590
1689251590
1689251590
1689251590
1689251590
1689251590
1689251590
1689251590
1689251590
1689251590
1689251590
1689251590
1689251590
1689251591
1689251591
1689251591
1689251591
1689251591
1689251591
1689251591
1689251591
1689251591
1689251591
1689251592
1689251592
1689251592
1689251592
1689251592
1689251592
1689251592
1689251592
1689251592
1689251592
1689251592
1689251592
1689251592
1689251592
1689251592
1689251593
1689251593
1689251593
1689251593
1689251593
1689251593
1689251593
1689251593
1689251593
1689251593
1689251593
1689251593
1689251593
1689251593
1689251593
1689251594
1689251594
1689251594
1689251594
1689251594
1689251594
1689251594
1689251594
1689251594
1689251594
1689251594
1689251594
1689251594
1689251594
1689251594
1689251595
1689251595
1689251595
1689251595
1689251595
1689251595
1689251595
1689251595
1689251595
1689251595
1689251595
1689251595
1689251595
1689251595
1689251595
1689251595
1689251596
1689251596
1689251596
1689251596
1689251596
1689251596
1689251596
1689251596
1689251596
1689251596
1689251596
1689251596
1689251596
1689251596
1689251596
1689251597
1689251597
1689251597
1689251597
1689251597
1689251597
1689251597
1689251597
1689251597
1689251597
1689251597
1689251597
1689251597
1689251597
1689251597
1689251598
1689251598
1689251598
1689251598
1689251598
1689251598
1689251598
1689251598
1689251598
1689251598
1689251598
1689251598
1689251598
1689251598
1689251598
1689251599
1689251599
1689251599
1689251599
1689251599
1689251599
1689251599
1689251599
1689251599
1689251599
1689251599
1689251599
1689251599
1689251599
1689251600
1689251600
1689251600
1689251600
1689251600
1689251600
1689251600
1689251600
1689251600
1689251600
1689251600
1689251600
1689251600
1689251600
1689251600
1689251600
1689251601
1689251601
1689251601
1689251601
1689251601
1689251601
1689251601
1689251601
1689251601
1689251601
1689251601
1689251601
1689251601
1689251602
1689251602
1689251602
1689251602
1689251602
1689251602
1689251602
1689251602
1689251602
1689251602
1689251602
1689251602
1689251602
1689251602
1689251603
1689251603
1689251603
1689251603
1689251603
1689251603
1689251603
1689251603
1689251603
1689251603
1689251603
1689251603
1689251603
1689251603
1689251604
1689251604
1689251604
1689251604
1689251604
1689251604
1689251604
1689251604
1689251604
1689251604
1689251604
1689251604
1689251604
1689251604
1689251605
1689251605
1689251605
1689251605
1689251605
1689251605
1689251605
1689251605
1689251605
1689251605
1689251605
1689251605
1689251605
1689251605
1689251605
1689251606
1689251606
1689251606
1689251606
1689251606
1689251606
1689251606
1689251606
1689251606
1689251606
1689251606
1689251606
1689251606
1689251606
1689251606
1689251607
1689251607
1689251607
1689251607
1689251607
1689251607
1689251607
1689251607
1689251607
1689251607
1689251607
1689251607
1689251607
1689251608
1689251608
1689251608
1689251608
1689251608
1689251608
1689251608
1689251608
1689251608
1689251608
1689251608
1689251608
1689251608
1689251608
1689251608
1689251609
1689251609
1689251609
1689251609
1689251609
1689251609
1689251609
1689251609
1689251609
1689251609
1689251609
1689251609
1689251609
1689251609
1689251609
1689251610
1689251610
1689251610
1689251610
1689251610
1689251610
1689251610
1689251610
1689251610
1689251610
1689251610
1689251610
1689251610
1689251610
1689251610
1689251611
1689251611
1689251611
1689251611
1689251611
1689251611
1689251611
1689251611
1689251611
1689251611
1689251611
1689251611
1689251611
1689251611
1689251611
1689251612
1689251612
1689251612
1689251612
1689251612
1689251612
1689251612
1689251612
1689251612
1689251612
1689251612
1689251612
1689251612
1689251612
1689251612
1689251613
1689251613
1689251613
1689251613
1689251613
1689251613
1689251613
1689251613
1689251613
1689251613
1689251613
1689251613
1689251613
1689251613
1689251613
1689251614
1689251614
1689251614
1689251614
1689251614
1689251614
1689251614
1689251614
1689251614
1689251614
1689251614
1689251614
1689251614
1689251614
1689251614
1689251615
1689251615
1689251615
1689251615
1689251615
1689251615
1689251615
1689251615
1689251615
1689251615
1689251615
1689251615
1689251615
1689251615
1689251615
1689251616
1689251616
1689251616
1689251616
1689251616
1689251616
1689251616
1689251616
1689251616
1689251616
1689251616
1689251616
1689251616
1689251616
1689251616
1689251617
1689251617
1689251617
1689251617
1689251617
1689251617
1689251617
1689251617
1689251617
1689251617
1689251617
1689251617
1689251617
1689251617
1689251617
1689251618
1689251618
1689251618
1689251618
1689251618
1689251618
1689251618
1689251618
1689251618
1689251618
1689251618
1689251618
1689251618
1689251618
1689251618
1689251619
1689251619
1689251619
1689251619
1689251619
1689251619
1689251619
1689251619
1689251619
1689251619
1689251619
1689251619
1689251619
1689251619
1689251620
1689251620
1689251620
1689251620
1689251620
1689251620
1689251620
1689251620
1689251620
1689251620
1689251620
1689251620
1689251620
1689251620
1689251620
1689251620
1689251621
1689251621
1689251621
1689251621
1689251621
1689251621
1689251621
1689251621
1689251621
1689251621
1689251621
1689251621
1689251621
1689251621
1689251622
1689251622
1689251622
1689251622
1689251622
1689251622
1689251622
1689251622
1689251622
1689251622
1689251622
1689251622
1689251622
1689251622
1689251622
1689251623
1689251623
1689251623
1689251623
1689251623
1689251623
1689251623
1689251623
1689251623
1689251623
1689251623
1689251623
1689251623
1689251623
1689251623
1689251624
1689251624
1689251624
1689251624
1689251624
1689251624
1689251624
1689251624
1689251624
1689251624
1689251624
1689251624
1689251624
1689251624
1689251624
1689251625
1689251625
1689251625
1689251625
1689251625
1689251625
1689251625
1689251625
1689251625
1689251625
1689251625
1689251625
1689251625
1689251625
1689251625
1689251626
1689251626
1689251626
1689251626
1689251626
1689251626
1689251626
1689251626
1689251626
1689251626
1689251626
1689251626
1689251626
1689251626
1689251626
1689251627
1689251627
1689251627
1689251627
1689251627
1689251627
1689251627
1689251627
1689251627
1689251627
1689251627
1689251627
1689251627
1689251627
1689251627
1689251628
1689251628
1689251628
1689251628
1689251628
1689251628
1689251628
1689251628
1689251628
1689251628
1689251628
1689251628
1689251628
1689251628
1689251628
1689251629
1689251629
1689251629
1689251629
1689251629
1689251629
1689251629
1689251629
1689251629
1689251629
1689251629
1689251629
1689251629
1689251629
1689251629
1689251630
1689251630
1689251630
1689251630
1689251630
1689251630
1689251630
1689251630
1689251630
1689251630
1689251630
1689251630
1689251630
1689251630
1689251631
1689251631
1689251631
1689251631
1689251631
1689251631
1689251631
1689251631
1689251631
1689251631
1689251631
1689251631
1689251631
1689251631
1689251631
1689251631
1689251632
1689251632
1689251632
1689251632
1689251632
1689251632
1689251632
1689251632
1689251632
1689251632
1689251632
1689251632
1689251632
1689251632
1689251632
1689251633
1689251633
1689251633
1689251633
1689251633
1689251633
1689251633
1689251633
1689251633
1689251633
1689251633
1689251633
1689251633
1689251633
1689251634
1689251634
1689251634
1689251634
1689251634
1689251634
1689251634
1689251634
1689251634
1689251634
1689251634
1689251634
1689251634
1689251634
1689251634
1689251635
1689251635
1689251635
1689251635
1689251635
1689251635
1689251635
1689251635
1689251635
1689251635
1689251635
1689251635
1689251635
1689251635
1689251635
1689251636
1689251636
1689251636
1689251636
1689251636
1689251636
1689251636
1689251636
1689251636
1689251636
1689251636
1689251636
1689251636
1689251636
1689251636
1689251637
1689251637
1689251637
1689251637
1689251637
1689251637
1689251637
1689251637
1689251637
1689251637
1689251637
1689251637
1689251637
1689251637
1689251638
1689251638
1689251638
1689251638
1689251638
1689251638
1689251638
1689251638
1689251638
1689251638
1689251638
1689251638
1689251638
1689251638
1689251638
1689251639
1689251639
1689251639
1689251639
1689251639
1689251639
1689251639
1689251639
1689251639
1689251639
1689251639
1689251639
1689251639
1689251639
1689251640
1689251640
1689251640
1689251640
1689251640
1689251640
1689251640
1689251640
1689251640
1689251640
1689251640
1689251640
1689251640
1689251640
1689251640
1689251641
1689251641
1689251641
1689251641
1689251641
1689251641
1689251641
1689251641
1689251641
1689251641
1689251641
1689251641
1689251641
1689251641
1689251641
1689251642
1689251642
1689251642
1689251642
1689251642
1689251642
1689251642
1689251642
1689251642
1689251642
1689251642
1689251642
1689251642
1689251642
1689251642
1689251643
1689251643
1689251643
1689251643
1689251643
1689251643
1689251643
1689251643
1689251643
1689251643
1689251643
1689251643
1689251643
1689251643
1689251643
1689251644
1689251644
1689251644
1689251644
1689251644
1689251644
1689251644
1689251644
1689251644
1689251644
1689251644
1689251644
1689251644
1689251644
1689251644
1689251645
1689251645
1689251645
1689251645
1689251645
1689251645
1689251645
1689251645
1689251645
