1690450048
1690450048
1690450048
1690450048
1690450048
1690450048
1690450048
1690450048
1690450048
1690450049
1690450049
1690450049
1690450049
1690450049
1690450050
1690450050
1690450050
1690450050
1690450050
1690450050
1690450050
1690450051
1690450051
1690450051
1690450051
1690450051
1690450051
1690450051
1690450051
1690450051
1690450051
1690450051
1690450051
1690450052
1690450052
1690450052
1690450052
1690450052
1690450052
1690450052
1690450052
1690450052
1690450053
1690450053
1690450053
1690450053
1690450053
1690450053
1690450053
1690450053
1690450053
1690450053
1690450053
1690450053
1690450053
1690450053
1690450054
1690450054
1690450054
1690450054
1690450054
1690450054
1690450054
1690450054
1690450054
1690450054
1690450054
1690450054
1690450054
1690450055
1690450055
1690450055
1690450055
1690450055
1690450055
1690450055
1690450055
1690450055
1690450055
1690450055
1690450055
1690450055
1690450055
1690450056
1690450056
1690450056
1690450056
1690450056
1690450056
1690450056
1690450056
1690450056
1690450056
1690450056
1690450056
1690450056
1690450056
1690450057
1690450057
1690450057
1690450057
1690450057
1690450057
1690450057
1690450057
1690450057
1690450057
1690450057
1690450057
1690450057
1690450058
1690450058
1690450058
1690450058
1690450058
1690450058
1690450058
1690450058
1690450058
1690450058
1690450058
1690450058
1690450058
1690450058
1690450059
1690450059
1690450059
1690450059
1690450059
1690450059
1690450059
1690450059
1690450059
1690450059
1690450059
1690450059
1690450059
1690450060
1690450060
1690450060
1690450060
1690450060
1690450060
1690450060
1690450060
1690450060
1690450060
1690450060
1690450060
1690450060
1690450061
1690450061
1690450061
1690450061
1690450061
1690450061
1690450061
1690450061
1690450061
1690450061
1690450061
1690450061
1690450061
1690450061
1690450062
1690450062
1690450062
1690450062
1690450062
1690450062
1690450062
1690450062
1690450062
1690450062
1690450062
1690450062
1690450062
1690450063
1690450063
1690450063
1690450063
1690450063
1690450063
1690450063
1690450063
1690450063
1690450063
1690450063
1690450063
1690450063
1690450064
1690450064
1690450064
1690450064
1690450064
1690450064
1690450064
1690450064
1690450064
1690450064
1690450064
1690450064
1690450064
1690450064
1690450065
1690450065
1690450065
1690450065
1690450065
1690450065
1690450065
1690450065
1690450065
1690450065
1690450065
1690450065
1690450065
1690450065
1690450066
1690450066
1690450066
1690450066
1690450066
1690450066
1690450066
1690450066
1690450066
1690450066
1690450066
1690450066
1690450066
1690450067
1690450067
1690450067
1690450067
1690450067
1690450067
1690450067
1690450067
1690450067
1690450067
1690450067
1690450067
1690450067
1690450068
1690450068
1690450068
1690450068
1690450068
1690450068
1690450068
1690450068
1690450068
1690450068
1690450068
1690450068
1690450068
1690450068
1690450069
1690450069
1690450069
1690450069
1690450069
1690450069
1690450069
1690450069
1690450069
1690450069
1690450069
1690450069
1690450069
1690450070
1690450070
1690450070
1690450070
1690450070
1690450070
1690450070
1690450070
1690450070
1690450070
1690450070
1690450070
1690450070
1690450071
1690450071
1690450071
1690450071
1690450071
1690450071
1690450071
1690450071
1690450072
1690450072
1690450072
1690450072
1690450072
1690450072
1690450072
1690450072
1690450072
1690450080
1690450081
1690450081
1690450081
1690450081
1690450081
1690450081
1690450081
1690450081
1690450081
1690450081
1690450081
1690450081
1690450081
1690450081
1690450082
1690450082
1690450082
1690450082
1690450082
1690450082
1690450082
1690450082
1690450082
1690450082
1690450082
1690450082
1690450082
1690450083
1690450083
1690450083
1690450083
1690450083
1690450083
1690450083
1690450083
1690450083
1690450083
1690450083
1690450083
1690450083
1690450084
1690450084
1690450084
1690450084
1690450084
1690450084
1690450084
1690450084
1690450084
1690450084
1690450084
1690450084
1690450084
1690450085
1690450085
1690450085
1690450085
1690450085
1690450085
1690450085
1690450085
1690450085
1690450085
1690450086
1690450086
1690450086
1690450086
1690450086
1690450086
1690450086
1690450086
1690450086
1690450086
1690450086
1690450086
1690450087
1690450087
1690450087
1690450087
1690450087
1690450087
1690450087
1690450087
1690450087
1690450087
1690450087
1690450087
1690450087
1690450087
1690450088
1690450088
1690450088
1690450088
1690450088
1690450088
1690450088
1690450088
1690450088
1690450088
1690450088
1690450088
1690450088
1690450089
1690450089
1690450089
1690450089
1690450089
1690450089
1690450089
1690450089
1690450089
1690450089
1690450089
1690450089
1690450089
1690450090
1690450090
1690450090
1690450090
1690450090
1690450090
1690450090
1690450090
1690450090
1690450090
1690450090
1690450090
1690450090
1690450090
1690450091
1690450091
1690450091
1690450091
1690450091
1690450091
1690450091
1690450091
1690450091
1690450091
1690450091
1690450091
1690450091
1690450092
1690450092
1690450092
1690450092
1690450092
1690450092
1690450092
1690450092
1690450092
1690450092
1690450092
1690450092
1690450092
1690450093
1690450093
1690450093
1690450093
1690450093
1690450093
1690450093
1690450093
1690450093
1690450093
1690450093
1690450093
1690450093
1690450093
1690450094
1690450094
1690450094
1690450094
1690450094
1690450094
1690450094
1690450094
1690450094
1690450094
1690450094
1690450094
1690450094
1690450095
1690450095
1690450095
1690450095
1690450095
1690450095
1690450095
1690450095
1690450095
1690450095
1690450095
1690450095
1690450095
1690450095
1690450096
1690450096
1690450096
1690450096
1690450096
1690450096
1690450096
1690450096
1690450096
1690450096
1690450096
1690450096
1690450096
1690450097
1690450097
1690450097
1690450097
1690450097
1690450097
1690450097
1690450097
1690450097
1690450097
1690450097
1690450097
1690450097
1690450097
1690450098
1690450098
1690450098
1690450098
1690450098
1690450098
1690450098
1690450098
1690450098
1690450098
1690450098
1690450098
1690450098
1690450099
1690450099
1690450099
1690450099
1690450099
1690450099
1690450099
1690450099
1690450099
1690450099
1690450099
1690450099
1690450099
1690450100
1690450100
1690450100
1690450100
1690450100
1690450100
1690450100
1690450100
1690450100
1690450100
1690450100
1690450100
1690450100
1690450100
1690450101
1690450101
1690450101
1690450101
1690450101
1690450101
1690450101
1690450101
1690450101
1690450101
1690450101
1690450101
1690450101
1690450102
1690450102
1690450102
1690450102
1690450102
1690450102
1690450102
1690450102
1690450102
1690450102
1690450102
1690450102
1690450102
1690450103
1690450103
1690450103
1690450103
1690450103
1690450103
1690450103
1690450103
1690450103
1690450103
1690450103
1690450112
1690450112
1690450113
1690450113
1690450113
1690450113
1690450113
1690450113
1690450113
1690450113
1690450113
1690450113
1690450113
1690450113
1690450113
1690450114
1690450114
1690450114
1690450114
1690450114
1690450114
1690450114
1690450114
1690450114
1690450114
1690450114
1690450114
1690450114
1690450115
1690450115
1690450115
1690450115
1690450115
1690450115
1690450115
1690450115
1690450115
1690450115
1690450115
1690450115
1690450115
1690450115
1690450116
1690450116
1690450116
1690450116
1690450116
1690450116
1690450116
1690450116
1690450116
1690450116
1690450117
1690450117
1690450117
1690450117
1690450117
1690450117
1690450117
1690450117
1690450117
1690450117
1690450117
1690450117
1690450117
1690450118
1690450118
1690450118
1690450118
1690450118
1690450118
1690450118
1690450118
1690450118
1690450118
1690450118
1690450118
1690450118
1690450119
1690450119
1690450119
1690450119
1690450119
1690450119
1690450119
1690450119
1690450119
1690450119
1690450119
1690450119
1690450119
1690450119
1690450120
1690450120
1690450120
1690450120
1690450120
1690450120
1690450120
1690450120
1690450120
1690450120
1690450120
1690450120
1690450120
1690450121
1690450121
1690450121
1690450121
1690450121
1690450121
1690450121
1690450121
1690450121
1690450121
1690450121
1690450121
1690450121
1690450122
1690450122
1690450122
1690450122
1690450122
1690450122
1690450122
1690450122
1690450122
1690450122
1690450122
1690450122
1690450122
1690450122
1690450123
1690450123
1690450123
1690450123
1690450123
1690450123
1690450123
1690450123
1690450123
1690450123
1690450123
1690450123
1690450123
1690450124
1690450124
1690450124
1690450124
1690450124
1690450124
1690450124
1690450124
1690450124
1690450124
1690450124
1690450124
1690450124
1690450124
1690450125
1690450125
1690450125
1690450125
1690450125
1690450125
1690450125
1690450125
1690450125
1690450125
1690450125
1690450125
1690450125
1690450126
1690450126
1690450126
1690450126
1690450126
1690450126
1690450126
1690450126
1690450126
1690450126
1690450126
1690450126
1690450126
1690450127
1690450127
1690450127
1690450127
1690450127
1690450127
1690450127
1690450127
1690450127
1690450127
1690450127
1690450127
1690450127
1690450127
1690450128
1690450128
1690450128
1690450128
1690450128
1690450128
1690450128
1690450128
1690450128
1690450128
1690450128
1690450128
1690450128
1690450129
1690450129
1690450129
1690450129
1690450129
1690450129
1690450129
1690450129
1690450129
1690450129
1690450129
1690450129
1690450129
1690450130
1690450130
1690450130
1690450130
1690450130
1690450130
1690450130
1690450130
1690450130
1690450130
1690450130
1690450130
1690450130
1690450130
1690450131
1690450131
1690450131
1690450131
1690450131
1690450131
1690450131
1690450131
1690450131
1690450131
1690450131
1690450131
1690450131
1690450132
1690450132
1690450132
1690450132
1690450132
1690450132
1690450132
1690450132
1690450132
1690450132
1690450132
1690450132
1690450132
1690450132
1690450133
1690450133
1690450133
1690450133
1690450133
1690450133
1690450133
1690450133
1690450133
1690450133
1690450133
1690450133
1690450134
1690450134
1690450134
1690450134
1690450134
1690450134
1690450134
1690450134
1690450134
1690450134
1690450134
1690450134
1690450134
1690450134
1690450135
1690450135
1690450135
1690450135
1690450135
1690450135
1690450135
1690450135
1690450135
1690450192
1690450192
1690450192
1690450192
1690450192
1690450192
1690450192
1690450193
1690450193
1690450193
1690450193
1690450193
1690450193
1690450193
1690450193
1690450194
1690450194
1690450194
1690450194
1690450194
1690450194
1690450195
1690450195
1690450195
1690450195
1690450195
1690450195
1690450195
1690450195
1690450195
1690450195
1690450195
1690450195
1690450195
1690450196
1690450196
1690450196
1690450196
1690450196
1690450196
1690450196
1690450196
1690450196
1690450196
1690450196
1690450197
1690450197
1690450197
1690450197
1690450197
1690450198
1690450198
1690450198
1690450198
1690450199
1690450199
1690450199
1690450199
1690450199
1690450199
1690450200
1690450200
1690450200
1690450200
1690450200
1690450200
1690450200
1690450200
1690450200
1690450200
1690450200
1690450200
1690450200
1690450201
1690450201
1690450201
1690450201
1690450201
1690450201
1690450201
1690450201
1690450201
1690450201
1690450201
1690450202
1690450202
1690450202
1690450202
1690450202
1690450202
1690450202
1690450202
1690450202
1690450202
1690450202
1690450202
1690450202
1690450203
1690450203
1690450203
1690450203
1690450203
1690450204
1690450204
1690450204
1690450204
1690450204
1690450204
1690450204
1690450204
1690450204
1690450204
1690450204
1690450204
1690450205
1690450205
1690450205
1690450205
1690450205
1690450205
1690450205
1690450205
1690450205
1690450205
1690450205
1690450205
1690450205
1690450206
1690450206
1690450206
1690450206
1690450206
1690450206
1690450206
1690450206
1690450206
1690450206
1690450206
1690450206
1690450206
1690450206
1690450207
1690450207
1690450207
1690450207
1690450207
1690450207
1690450207
1690450207
1690450207
1690450207
1690450207
1690450208
1690450208
1690450208
1690450208
1690450208
1690450208
1690450208
1690450208
1690450208
1690450208
1690450208
1690450208
1690450208
1690450209
1690450209
1690450209
1690450209
1690450209
1690450209
1690450209
1690450209
1690450209
1690450209
1690450209
1690450209
1690450209
1690450210
1690450210
1690450210
1690450210
1690450210
1690450210
1690450210
1690450210
1690450210
1690450210
1690450210
1690450210
1690450210
1690450211
1690450211
1690450211
1690450211
1690450211
1690450211
1690450211
1690450211
1690450211
1690450211
1690450211
1690450211
1690450211
1690450212
1690450212
1690450212
1690450212
1690450212
1690450212
1690450212
1690450212
1690450212
1690450212
1690450212
1690450212
1690450213
1690450213
1690450213
1690450213
1690450213
1690450213
1690450213
1690450213
1690450213
1690450213
1690450213
1690450213
1690450213
1690450213
1690450214
1690450214
1690450214
1690450214
1690450214
1690450214
1690450214
1690450214
1690450214
1690450214
1690450214
1690450214
1690450214
1690450215
1690450215
1690450215
1690450215
1690450215
1690450215
1690450215
1690450215
1690450215
1690450215
1690450215
1690450215
1690450215
1690450215
1690450216
1690450216
1690450216
1690450216
1690450216
1690450216
1690450216
1690450216
1690450216
1690450216
1690450216
1690450216
1690450216
1690450217
1690450217
1690450217
1690450217
1690450217
1690450217
1690450217
1690450217
1690450217
1690450217
1690450217
1690450217
1690450217
1690450217
1690450218
1690450218
1690450218
1690450218
1690450218
1690450218
1690450218
1690450218
1690450218
1690450218
1690450218
1690450218
1690450218
1690450219
1690450219
1690450219
1690450219
1690450248
1690450248
1690450248
1690450248
1690450248
1690450248
1690450249
1690450249
1690450249
1690450249
1690450249
1690450249
1690450249
1690450249
1690450249
1690450249
1690450249
1690450249
1690450249
1690450250
1690450250
1690450250
1690450250
1690450250
1690450250
1690450250
1690450250
1690450250
1690450250
1690450250
1690450250
1690450250
1690450250
1690450251
1690450251
1690450251
1690450251
1690450251
1690450251
1690450251
1690450251
1690450251
1690450251
1690450251
1690450251
1690450251
1690450252
1690450252
1690450252
1690450252
1690450252
1690450252
1690450252
1690450252
1690450252
1690450252
1690450252
1690450252
1690450252
1690450253
1690450253
1690450253
1690450253
1690450253
1690450253
1690450253
1690450253
1690450253
1690450253
1690450253
1690450253
1690450253
1690450253
1690450254
1690450254
1690450254
1690450254
1690450254
1690450254
1690450254
1690450254
1690450254
1690450254
1690450254
1690450254
1690450254
1690450255
1690450255
1690450255
1690450257
1690450257
1690450257
1690450257
1690450257
1690450257
1690450257
1690450257
1690450258
1690450258
1690450258
1690450258
1690450258
1690450258
1690450258
1690450258
1690450258
1690450258
1690450258
1690450264
1690450264
1690450264
1690450264
1690450264
1690450264
1690450264
1690450265
1690450265
1690450265
1690450266
1690450266
1690450266
1690450266
1690450266
1690450266
1690450266
1690450266
1690450266
1690450267
1690450267
1690450267
1690450267
1690450267
1690450267
1690450267
1690450267
1690450267
1690450268
1690450268
1690450268
1690450268
1690450268
1690450268
1690450268
1690450268
1690450268
1690450268
1690450268
1690450268
1690450269
1690450269
1690450269
1690450269
1690450269
1690450269
1690450269
1690450269
1690450269
1690450269
1690450269
1690450269
1690450269
1690450270
1690450270
1690450270
1690450270
1690450270
1690450270
1690450270
1690450270
1690450270
1690450270
1690450270
1690450270
1690450270
1690450271
1690450271
1690450271
1690450271
1690450271
1690450271
1690450271
1690450271
1690450271
1690450271
1690450271
1690450271
1690450271
1690450271
1690450272
1690450272
1690450272
1690450272
1690450272
1690450272
1690450272
1690450272
1690450272
1690450272
1690450272
1690450272
1690450272
1690450273
1690450273
1690450273
1690450273
1690450273
1690450273
1690450273
1690450273
1690450273
1690450273
1690450273
1690450273
1690450273
1690450273
1690450274
1690450274
1690450274
1690450274
1690450274
1690450274
1690450274
1690450274
1690450274
1690450274
1690450274
1690450274
1690450274
1690450274
1690450275
1690450275
1690450275
1690450275
1690450275
1690450275
1690450275
1690450275
1690450275
1690450275
1690450275
1690450275
1690450275
1690450276
1690450276
1690450276
1690450276
1690450276
1690450276
1690450276
1690450276
1690450276
1690450276
1690450276
1690450276
1690450276
1690450276
1690450277
1690450277
1690450277
1690450277
1690450277
1690450277
1690450277
1690450277
1690450277
1690450277
1690450277
1690450277
1690450277
1690450278
1690450278
1690450278
1690450278
1690450278
1690450278
1690450278
1690450278
1690450278
1690450278
1690450278
1690450278
1690450278
1690450279
1690450279
1690450279
1690450279
1690450279
1690450279
1690450279
1690450279
1690450279
1690450279
1690450279
1690450279
1690450279
1690450279
1690450280
1690450280
1690450280
1690450280
1690450280
1690450287
1690450288
1690450288
1690450288
1690450288
1690450288
1690450288
1690450288
1690450288
1690450288
1690450288
1690450288
1690450288
1690450288
1690450289
1690450289
1690450289
1690450289
1690450289
1690450289
1690450289
1690450289
1690450289
1690450289
1690450289
1690450289
1690450289
1690450289
1690450290
1690450290
1690450290
1690450290
1690450290
1690450290
1690450290
1690450290
1690450290
1690450290
1690450290
1690450290
1690450290
1690450291
1690450291
1690450291
1690450291
1690450291
1690450291
1690450291
1690450291
1690450291
1690450291
1690450291
1690450291
1690450291
1690450291
1690450292
1690450292
1690450292
1690450292
1690450292
1690450292
1690450292
1690450292
1690450292
1690450292
1690450292
1690450292
1690450292
1690450293
1690450293
1690450293
1690450293
1690450293
1690450293
1690450293
1690450293
1690450293
1690450293
1690450293
1690450293
1690450293
1690450293
1690450294
1690450294
1690450294
1690450294
1690450294
1690450294
1690450294
1690450294
1690450294
1690450294
1690450294
1690450294
1690450294
1690450295
1690450295
1690450295
1690450295
1690450295
1690450295
1690450295
1690450295
1690450295
1690450295
1690450295
1690450295
1690450295
1690450295
1690450296
1690450296
1690450296
1690450296
1690450296
1690450296
1690450296
1690450296
1690450296
1690450296
1690450296
1690450296
1690450296
1690450297
1690450297
1690450297
1690450297
1690450297
1690450297
1690450297
1690450297
1690450297
1690450297
1690450297
1690450297
1690450297
1690450297
1690450298
1690450298
1690450298
1690450298
1690450298
1690450298
1690450298
1690450298
1690450298
1690450298
1690450298
1690450298
1690450298
1690450299
1690450299
1690450299
1690450299
1690450299
1690450299
1690450299
1690450299
1690450299
1690450299
1690450299
1690450299
1690450299
1690450299
1690450300
1690450300
1690450300
1690450300
1690450300
1690450300
1690450300
1690450300
1690450300
1690450300
1690450300
1690450300
1690450300
1690450301
1690450301
1690450301
1690450301
1690450301
1690450301
1690450301
1690450301
1690450301
1690450301
1690450301
1690450301
1690450301
1690450302
1690450302
1690450302
1690450302
1690450302
1690450302
1690450302
1690450302
1690450302
1690450302
1690450302
1690450302
1690450302
1690450302
1690450303
1690450303
1690450303
1690450303
1690450303
1690450303
1690450303
1690450303
1690450303
1690450303
1690450303
1690450303
1690450303
1690450304
1690450304
1690450304
1690450304
1690450304
1690450304
1690450304
1690450304
1690450304
1690450304
1690450304
1690450304
1690450304
1690450305
1690450305
1690450305
1690450305
1690450305
1690450305
1690450305
1690450305
1690450305
1690450305
1690450305
1690450305
1690450305
1690450306
1690450306
1690450306
1690450306
1690450306
1690450306
1690450306
1690450306
1690450306
1690450306
1690450306
1690450306
1690450306
1690450306
1690450307
1690450307
1690450307
1690450307
1690450307
1690450307
1690450307
1690450307
1690450307
1690450307
1690450307
1690450307
1690450307
1690450308
1690450308
1690450308
1690450308
1690450308
1690450308
1690450308
1690450308
1690450308
1690450308
1690450308
1690450308
1690450308
1690450309
1690450309
1690450309
1690450309
1690450309
1690450309
1690450309
1690450309
1690450309
1690450309
1690450309
1690450309
1690450309
1690450309
1690450310
1690450310
1690450310
1690450310
1690450310
