1689258414
1689258486
1689258486
1689258486
1689258486
1689258486
1689258486
1689258486
1689258487
1689258487
1689258487
1689258487
1689258487
1689258487
1689258487
1689258487
1689258487
1689258487
1689258487
1689258487
1689258487
1689258487
1689258488
1689258488
1689258488
1689258488
1689258488
1689258488
1689258488
1689258488
1689258488
1689258488
1689258488
1689258488
1689258488
1689258488
1689258488
1689258489
1689258489
1689258489
1689258489
1689258489
1689258489
1689258489
1689258489
1689258489
1689258489
1689258489
1689258489
1689258489
1689258490
1689258490
1689258490
1689258490
1689258490
1689258490
1689258490
1689258490
1689258490
1689258491
1689258491
1689258491
1689258491
1689258491
1689258491
1689258491
1689258491
1689258491
1689258491
1689258492
1689258492
1689258492
1689258492
1689258492
1689258492
1689258492
1689258492
1689258492
1689258492
1689258492
1689258492
1689258492
1689258492
1689258493
1689258495
1689258495
1689258495
1689258495
1689258495
1689258495
1689258495
1689258495
1689258495
1689258495
1689258495
1689258495
1689258495
1689258495
1689258498
1689258499
1689258499
1689258500
1689258500
1689258500
1689258501
1689258502
1689258502
1689258502
1689258503
1689258503
1689258503
1689258503
1689258503
1689258503
1689258503
1689258503
1689258503
1689258503
1689258503
1689258503
1689258503
1689258503
1689258504
1689258504
1689258504
1689258504
1689258504
1689258504
1689258504
1689258504
1689258504
1689258504
1689258504
1689258504
1689258504
1689258504
1689258504
1689258505
1689258505
1689258505
1689258505
1689258505
1689258505
1689258505
1689258505
1689258505
1689258505
1689258505
1689258505
1689258505
1689258505
1689258505
1689258506
1689258506
1689258506
1689258506
1689258506
1689258506
1689258506
1689258506
1689258506
1689258506
1689258506
1689258506
1689258506
1689258506
1689258506
1689258507
1689258507
1689258507
1689258507
1689258507
1689258507
1689258507
1689258507
1689258507
1689258507
1689258507
1689258507
1689258508
1689258508
1689258508
1689258508
1689258508
1689258508
1689258508
1689258508
1689258508
1689258508
1689258508
1689258508
1689258508
1689258508
1689258508
1689258509
1689258509
1689258509
1689258509
1689258509
1689258509
1689258509
1689258509
1689258510
1689258510
1689258511
1689258511
1689258511
1689258511
1689258511
1689258511
1689258511
1689258511
1689258511
1689258512
1689258512
1689258512
1689258512
1689258513
1689258513
1689258513
1689258513
1689258513
1689258513
1689258513
1689258514
1689258514
1689258514
1689258514
1689258514
1689258514
1689258514
1689258515
1689258515
1689258515
1689258515
1689258515
1689258517
1689258517
1689258517
1689258517
1689258517
1689258517
1689258517
1689258517
1689258517
1689258517
1689258517
1689258517
1689258518
1689258519
1689258519
1689258519
1689258519
1689258519
1689258519
1689258519
1689258519
1689258520
1689258520
1689258520
1689258520
1689258520
1689258521
1689258521
1689258521
1689258521
1689258521
1689258521
1689258521
1689258521
1689258522
1689258522
1689258522
1689258522
1689258522
1689258522
1689258523
1689258523
1689258523
1689258523
1689258523
1689258523
1689258525
1689258525
1689258525
1689258525
1689258526
1689258527
1689258527
1689258527
1689258527
1689258527
1689258527
1689258528
1689258529
1689258529
1689258529
1689258530
1689258530
1689258531
1689258531
1689258531
1689258531
1689258531
1689258531
1689258531
1689258532
1689258532
1689258532
1689258532
1689258532
1689258532
1689258532
1689258532
1689258532
1689258532
1689258532
1689258533
1689258533
1689258533
1689258534
1689258534
1689258534
1689258534
1689258534
1689258534
1689258534
1689258534
1689258535
1689258535
1689258535
1689258535
1689258535
1689258536
1689258536
1689258536
1689258536
1689258536
1689258537
1689258537
1689258538
1689258538
1689258539
1689258539
1689258539
1689258539
1689258539
1689258539
1689258540
1689258540
1689258540
1689258540
1689258540
1689258541
1689258541
1689258541
1689258541
1689258541
1689258541
1689258542
1689258542
1689258542
1689258542
1689258542
1689258542
1689258542
1689258544
1689258544
1689258545
1689258545
1689258545
1689258545
1689258546
1689258546
1689258546
1689258546
1689258546
1689258546
1689258547
1689258547
1689258547
1689258547
1689258548
1689258548
1689258548
1689258548
1689258548
1689258548
1689258549
1689258549
1689258549
1689258550
1689258550
1689258550
1689258550
1689258551
1689258552
1689258552
1689258552
1689258552
1689258553
1689258553
1689258553
1689258554
1689258554
1689258554
1689258554
1689258554
1689258554
1689258554
1689258555
1689258556
1689258556
1689258556
1689258556
1689258556
1689258556
1689258556
1689258557
1689258557
1689258558
1689258558
1689258558
1689258558
1689258558
1689258558
1689258559
1689258559
1689258559
1689258559
1689258560
1689258560
1689258560
1689258560
1689258560
1689258560
1689258560
1689258560
1689258560
1689258560
1689258560
1689258561
1689258561
1689258562
1689258562
1689258562
1689258562
1689258562
1689258562
1689258562
1689258562
1689258562
1689258562
1689258563
1689258563
1689258563
1689258563
1689258563
1689258563
1689258564
1689258564
1689258564
1689258564
1689258565
1689258565
1689258565
1689258565
1689258565
1689258565
1689258565
1689258566
1689258566
1689258566
1689258568
1689258569
1689258569
1689258570
1689258571
1689258571
1689258571
1689258571
1689258571
1689258571
1689258571
1689258573
1689258573
1689258573
1689258573
1689258573
1689258573
1689258573
1689258573
1689258573
1689258574
1689258574
1689258580
1689258580
1689258581
1689258586
1689258586
1689258586
1689258586

1689672071
1689672071
1689672071
1689672072
1689672072
1689672072
1689672072
1689672072
1689672072
1689672072
1689672072
1689672072
1689672072
1689672072
1689672072
1689672072
1689672073
1689672073
1689672073
1689672073
1689672073
1689672073
1689672073
1689672073
1689672073
1689672073
1689672073
1689672073
1689672073
1689672074
1689672074
1689672074
1689672074
1689672074
1689672074
1689672074
1689672074
1689672074
1689672075
1689672075
1689672075
1689672075
1689672075
1689672075
1689672075
1689672075
1689672075
1689672075
1689672075
1689672075
1689672075
1689672076
1689672076
1689672076
1689672076
1689672076
1689672076
1689672076
1689672076
1689672076
1689672077
1689672077
1689672077
1689672077
1689672077
1689672077
1689672077
1689672077
1689672077
1689672077
1689672077
1689672078
1689672078
1689672078
1689672078
1689672078
1689672078
1689672078
1689672078
1689672078
1689672078
1689672078
1689672079
1689672079
1689672079
1689672079
1689672079
1689672079
1689672079
1689672079
1689672079
1689672079
1689672080
1689672080
1689672080
1689672080
1689672080
1689672080
1689672080
1689672080
1689672080
1689672080
1689672080
1689672080
1689672081
1689672081
1689672081
1689672081
1689672081
1689672081
1689672081
1689672081
1689672081
1689672081
1689672081
1689672082
1689672082
1689672082
1689672082
1689672082
1689672082
1689672082
1689672082
1689672082
1689672082
1689672082
1689672083
1689672083
1689672083
1689672083
1689672083
1689672083
1689672083
1689672083
1689672083
1689672083
1689672083
1689672083
1689672083
1689672084
1689672084
1689672084
1689672084
1689672084
1689672084
1689672084
1689672084
1689672084
1689672084
1689672084
1689672084
1689672084
1689672084
1689672084
1689672085
1689672085
1689672085
1689672085
1689672085
1689672085
1689672085
1689672085
1689672085
1689672085
1689672085
1689672085
1689672085
1689672085
1689672085
1689672086
1689672086
1689672086
1689672086
1689672086
1689672086
1689672086
1689672086
1689672086
1689672086
1689672086
1689672086
1689672086
1689672087
1689672087
1689672087
1689672087
1689672087
1689672087
1689672087
1689672087
1689672087
1689672087
1689672087
1689672088
1689672088
1689672088
1689672088
1689672088
1689672088
1689672088
1689672088
1689672088
1689672088
1689672088
1689672088
1689672088
1689672088
1689672088
1689672088
1689672089
1689672089
1689672089
1689672089
1689672089
1689672089
1689672089
1689672089
1689672089
1689672089
1689672089
1689672089
1689672090
1689672090
1689672090
1689672090
1689672090
1689672090
1689672090
1689672090
1689672090
1689672090
1689672090
1689672090
1689672091
1689672091
1689672091
1689672091
1689672091
1689672091
1689672091
1689672092
1689672092
1689672092
1689672092
1689672092
1689672092
1689672092
1689672092
1689672092
1689672092
1689672092
1689672092
1689672092
1689672093
1689672093
1689672093
1689672093
1689672093
1689672093
1689672093
1689672093
1689672093
1689672093
1689672094
1689672094
1689672094
1689672094
1689672094
1689672094
1689672094
1689672094
1689672094
1689672094
1689672094
1689672094
1689672094
1689672095
1689672095
1689672095
1689672095
1689672095
1689672095
1689672095
1689672095
1689672095
1689672095
1689672095
1689672095
1689672095
1689672095
1689672096
1689672096
1689672096
1689672096
1689672096
1689672096
1689672096
1689672096
1689672096
1689672096
1689672096
1689672096
1689672096
1689672096
1689672097
1689672097
1689672097
1689672097
1689672097
1689672097
1689672097
1689672097
1689672097
1689672097
1689672097
1689672097
1689672098
1689672098
1689672098
1689672098
1689672098
1689672098
1689672099
1689672099
1689672099
1689672099
1689672099
1689672099
1689672099
1689672099
1689672099
1689672099
1689672099
1689672099
1689672099
1689672099
1689672099
1689672100
1689672100
1689672100
1689672100
1689672100
1689672100
1689672100
1689672100
1689672100
1689672100
1689672100
1689672100
1689672100
1689672100
1689672100
1689672100
1689672101
1689672101
1689672101
1689672101
1689672101
1689672101
1689672101
1689672101
1689672101
1689672102
1689672102
1689672102
1689672102
1689672103
1689672103
1689672103
1689672103
1689672103
1689672103
1689672103
1689672103
1689672103
1689672103
1689672103
1689672103
1689672104
1689672104
1689672104
1689672104
1689672104
1689672104
1689672104
1689672104
1689672104
1689672104
1689672104
1689672104
1689672104
1689672104
1689672104
1689672105
1689672105
1689672105
1689672105
1689672105
1689672105
1689672105
1689672105
1689672105
1689672105
1689672105
1689672105
1689672105
1689672105
1689672105
1689672106
1689672106
1689672106
1689672106
1689672106
1689672106
1689672106
1689672106
1689672106
1689672106
1689672106
1689672106
1689672106
1689672107
1689672107
1689672107
1689672107
1689672107
1689672107
1689672107
1689672107
1689672107
1689672107
1689672107
1689672107
1689672107
1689672107
1689672108
1689672108
1689672108
1689672109
1689672109
1689672109
1689672109
1689672109
1689672109
1689672109
1689672109
1689672110
1689672110
1689672110
1689672110
1689672110
1689672110
1689672110
1689672110
1689672110
1689672110
1689672110
1689672110
1689672110
1689672110
1689672110
1689672111
1689672111
1689672111
1689672111
1689672111
1689672111
1689672111
1689672111
1689672111
1689672111
1689672111
1689672111
1689672111
1689672111
1689672111
1689672112
1689672112
1689672112
1689672112
1689672112
1689672112
1689672112
1689672112
1689672112
1689672112
1689672112
1689672112
1689672112
1689672112
1689672112
1689672113
1689672113
1689672113
1689672113
1689672113
1689672113
1689672113
1689672113
1689672113
1689672113
1689672113
1689672113
1689672113
1689672113
1689672114
1689672114
1689672114
1689672114
1689672114
1689672114
1689672114
1689672114
1689672114
1689672114
1689672114
1689672114
1689672114
1689672114
1689672114
1689672115
1689672115
1689672115
1689672115
1689672115
1689672115
1689672115
1689672115
1689672115
1689672115
1689672115
1689672115
1689672115
1689672115
1689672115
1689672116
1689672116
1689672116
1689672116
1689672116
1689672117
1689672117
1689672117
1689672117
1689672117
1689672117
1689672118
1689672118
1689672118
1689672118
1689672118
1689672118
1689672118
1689672118
1689672118
1689672118
1689672118
1689672118
1689672118
1689672118
1689672119
1689672119
1689672119
1689672119
1689672119
1689672119
1689672119
1689672119
1689672119
1689672119
1689672119
1689672119
1689672119
1689672119
1689672119
1689672120
1689672120
1689672120
1689672120
1689672120
1689672120
1689672120
1689672120
1689672120
1689672120
1689672120
1689672120
1689672120
1689672120
1689672120
1689672121
1689672121
1689672121
1689672121
1689672121
1689672121
1689672121
1689672121
1689672121
1689672121
1689672121
1689672121
1689672121
1689672121
1689672121
1689672122
1689672122
1689672122
1689672122
1689672122
1689672122
1689672122
1689672122
1689672122
1689672122
1689672122
1689672122
1689672122
1689672122
1689672123
1689672123
1689672123
1689672123
1689672123
1689672123
1689672124
1689672124
1689672124
1689672124
1689672124
1689672124
1689672124
1689672125
1689672125
1689672125
1689672126
1689672126
1689672126
1689672126
1689672126
1689672126
1689672126
1689672126
1689672126
1689672126
1689672127
1689672127
1689672127
1689672127
1689672127
1689672127
1689672127
1689672127
1689672127
1689672127
1689672127
1689672127
1689672127
1689672127
1689672127
1689672128
1689672128
1689672128
1689672128
1689672128
1689672128
1689672128
1689672128
1689672128
1689672128
1689672128
1689672128
1689672129
1689672129
1689672129
1689672129
1689672129
1689672129
1689672129
1689672129
1689672129
1689672129
1689672129
1689672129
1689672129
1689672129
1689672129
1689672130
1689672130
1689672130
1689672130
1689672130
1689672130
1689672130
1689672130
1689672130
1689672130
1689672130
1689672130
1689672130
1689672130
1689672130
1689672131
1689672131
1689672131
1689672131
1689672131
1689672131
1689672131
1689672131
1689672132
1689672132
1689672132
1689672132
1689672132
1689672132
1689672132
1689672132
1689672132
1689672132
1689672132
1689672132
1689672132
1689672132
1689672133
1689672133
1689672133
1689672133
1689672133
1689672133
1689672133
1689672133
1689672133
1689672133
1689672133
1689672133
1689672133
1689672133
1689672134
1689672134
1689672134
1689672134
1689672134
1689672134
1689672134
1689672134
1689672134
1689672134
1689672134
1689672134
1689672134
1689672134
1689672134
1689672135
1689672135
1689672135
1689672135
1689672135
1689672135
1689672135
1689672135
1689672135
1689672135
1689672135
1689672135
1689672135
1689672135
1689672136
1689672136
1689672136
1689672136
1689672136
1689672136
1689672136
1689672136
1689672136
1689672136
1689672136
1689672136
1689672137
1689672137
1689672137
1689672137
1689672137
1689672137
1689672137
1689672137
1689672137
1689672137
1689672137
1689672137
1689672137
1689672137
1689672138
1689672138
1689672138
1689672138
1689672138
1689672138
1689672138
1689672138
1689672138
1689672138
1689672138
1689672138
1689672138
1689672138
1689672138
1689672139
1689672139
1689672139
1689672139
1689672139
1689672139
1689672139
1689672139
1689672139
1689672139
1689672139
1689672139
1689672139
1689672139
1689672139
1689672140
1689672140
1689672140
1689672140
1689672140
1689672140
1689672140
1689672140
1689672140
1689672140
1689672140
1689672140
1689672140
1689672140
1689672141
1689672141
1689672141
1689672141
1689672141
1689672141
1689672141
1689672141
1689672141
1689672141
1689672141
1689672141
1689672141
1689672141
1689672142
1689672142
1689672142
1689672142
1689672142
1689672142
1689672142
1689672142
1689672142
1689672142
1689672142
1689672142
1689672143
1689672143
1689672143
1689672143
1689672143
1689672143
1689672143
1689672143
1689672143
1689672143
1689672143
1689672143
1689672143
1689672144
1689672144
1689672144
1689672144
1689672144
1689672144
1689672144
1689672144
1689672144
1689672144
1689672144
1689672144
1689672144
1689672144
1689672144
1689672145
1689672145
1689672145
1689672145
1689672145
1689672145
1689672145
1689672145
1689672145
1689672145
1689672145
1689672145
1689672145
1689672146
1689672146
1689672146
1689672146
1689672146
1689672146
1689672146
1689672146
1689672146
1689672146
1689672146
1689672146
1689672146
1689672146
1689672146
1689672147
1689672147
1689672147
1689672147
1689672147
1689672147
1689672147
1689672147
1689672147
1689672147
1689672147
1689672147
1689672147
1689672147
1689672147
1689672148
1689672148
1689672148
1689672148
1689672148
1689672148
1689672148
1689672148
1689672148
1689672148
1689672148
1689672148
1689672148
1689672148
1689672149
1689672149
1689672149
1689672149
1689672149
1689672149
1689672149
1689672149
1689672149
1689672149
1689672149
1689672149
1689672149
1689672149
1689672150
1689672150
1689672150
1689672150
1689672150
1689672150
1689672150
1689672150
1689672150
1689672150
1689672150
1689672150
1689672150
1689672151
1689672151
1689672151
1689672151
1689672151
1689672151
1689672151
1689672151
1689672151
1689672151
1689672151
1689672151
1689672151
1689672151
1689672152
1689672152
1689672152
1689672152
1689672152
1689672152
1689672152
1689672152
