1690449651
1690449651
1690449651
1690449652
1690449652
1690449652
1690449652
1690449652
1690449652
1690449652
1690449652
1690449652
1690449652
1690449652
1690449653
1690449653
1690449653
1690449653
1690449653
1690449653
1690449653
1690449653
1690449653
1690449653
1690449653
1690449653
1690449653
1690449654
1690449654
1690449654
1690449654
1690449654
1690449654
1690449654
1690449654
1690449654
1690449654
1690449654
1690449654
1690449654
1690449655
1690449655
1690449655
1690449655
1690449655
1690449655
1690449655
1690449655
1690449655
1690449655
1690449655
1690449655
1690449655
1690449655
1690449656
1690449656
1690449656
1690449656
1690449656
1690449656
1690449656
1690449656
1690449656
1690449656
1690449656
1690449656
1690449656
1690449656
1690449657
1690449657
1690449657
1690449657
1690449657
1690449657
1690449657
1690449657
1690449657
1690449657
1690449657
1690449657
1690449657
1690449658
1690449658
1690449658
1690449658
1690449658
1690449658
1690449658
1690449658
1690449658
1690449658
1690449658
1690449658
1690449658
1690449658
1690449659
1690449659
1690449659
1690449659
1690449659
1690449659
1690449659
1690449659
1690449659
1690449659
1690449659
1690449659
1690449659
1690449660
1690449660
1690449660
1690449660
1690449660
1690449660
1690449660
1690449660
1690449660
1690449660
1690449660
1690449660
1690449660
1690449661
1690449661
1690449661
1690449661
1690449661
1690449661
1690449661
1690449661
1690449662
1690449662
1690449662
1690449662
1690449662
1690449662
1690449662
1690449662
1690449662
1690449662
1690449662
1690449662
1690449662
1690449662
1690449663
1690449663
1690449663
1690449663
1690449663
1690449663
1690449663
1690449663
1690449663
1690449663
1690449663
1690449663
1690449663
1690449664
1690449664
1690449664
1690449664
1690449664
1690449664
1690449664
1690449664
1690449664
1690449664
1690449664
1690449664
1690449664
1690449665
1690449665
1690449665
1690449665
1690449665
1690449665
1690449665
1690449665
1690449665
1690449665
1690449665
1690449665
1690449666
1690449666
1690449666
1690449666
1690449666
1690449666
1690449666
1690449666
1690449666
1690449666
1690449666
1690449666
1690449666
1690449667
1690449667
1690449667
1690449667
1690449667
1690449667
1690449667
1690449667
1690449667
1690449667
1690449667
1690449667
1690449667
1690449667
1690449668
1690449668
1690449668
1690449668
1690449668
1690449668
1690449668
1690449668
1690449668
1690449668
1690449668
1690449668
1690449668
1690449669
1690449669
1690449669
1690449669
1690449669
1690449669
1690449669
1690449669
1690449669
1690449669
1690449669
1690449669
1690449669
1690449670
1690449670
1690449670
1690449670
1690449670
1690449670
1690449670
1690449670
1690449670
1690449670
1690449670
1690449670
1690449670
1690449670
1690449671
1690449671
1690449671
1690449671
1690449671
1690449671
1690449671
1690449671
1690449671
1690449671
1690449671
1690449671
1690449671
1690449672
1690449672
1690449672
1690449672
1690449672
1690449672
1690449672
1690449672
1690449672
1690449672
1690449672
1690449672
1690449672
1690449672
1690449673
1690449673
1690449673
1690449673
1690449673
1690449673
1690449673
1690449673
1690449673
1690449673
1690449673
1690449674
1690449674
1690449674
1690449674
1690449674
1690449674
1690449674
1690449674
1690449674
1690449674
1690449674
1690449674
1690449674
1690449675
1690449675
1690449716
1690449716
1690449716
1690449716
1690449716
1690449717
1690449717
1690449717
1690449717
1690449717
1690449717
1690449717
1690449717
1690449717
1690449717
1690449717
1690449717
1690449717
1690449718
1690449718
1690449718
1690449718
1690449718
1690449718
1690449718
1690449718
1690449718
1690449718
1690449718
1690449718
1690449718
1690449718
1690449719
1690449719
1690449719
1690449719
1690449719
1690449719
1690449719
1690449719
1690449719
1690449719
1690449719
1690449719
1690449719
1690449720
1690449720
1690449720
1690449720
1690449720
1690449720
1690449720
1690449720
1690449720
1690449720
1690449720
1690449720
1690449720
1690449720
1690449721
1690449721
1690449721
1690449721
1690449721
1690449721
1690449721
1690449721
1690449721
1690449721
1690449721
1690449721
1690449721
1690449722
1690449722
1690449722
1690449722
1690449722
1690449722
1690449722
1690449722
1690449722
1690449722
1690449722
1690449722
1690449722
1690449722
1690449723
1690449723
1690449723
1690449723
1690449723
1690449723
1690449723
1690449723
1690449723
1690449723
1690449723
1690449723
1690449723
1690449724
1690449724
1690449724
1690449724
1690449724
1690449724
1690449724
1690449724
1690449724
1690449724
1690449724
1690449724
1690449724
1690449725
1690449725
1690449725
1690449725
1690449725
1690449725
1690449725
1690449725
1690449725
1690449725
1690449725
1690449725
1690449725
1690449725
1690449726
1690449726
1690449726
1690449726
1690449726
1690449726
1690449726
1690449726
1690449726
1690449726
1690449726
1690449726
1690449726
1690449727
1690449727
1690449727
1690449727
1690449727
1690449727
1690449727
1690449727
1690449727
1690449727
1690449727
1690449727
1690449727
1690449727
1690449728
1690449728
1690449728
1690449728
1690449728
1690449728
1690449728
1690449728
1690449728
1690449728
1690449728
1690449728
1690449728
1690449729
1690449729
1690449729
1690449729
1690449729
1690449729
1690449729
1690449729
1690449729
1690449729
1690449729
1690449729
1690449729
1690449730
1690449730
1690449730
1690449730
1690449730
1690449730
1690449730
1690449730
1690449730
1690449730
1690449730
1690449730
1690449730
1690449731
1690449731
1690449731
1690449731
1690449731
1690449731
1690449732
1690449732
1690449732
1690449732
1690449733
1690449733
1690449734
1690449734
1690449734
1690449735
1690449735
1690449735
1690449735
1690449735
1690449735
1690449735
1690449735
1690449735
1690449735
1690449735
1690449735
1690449736
1690449736
1690449736
1690449736
1690449736
1690449736
1690449736
1690449736
1690449736
1690449736
1690449736
1690449736
1690449736
1690449736
1690449737
1690449737
1690449737
1690449737
1690449737
1690449737
1690449737
1690449737
1690449737
1690449737
1690449737
1690449737
1690449737
1690449738
1690449738
1690449738
1690449738
1690449738
1690449738
1690449738
1690449738
1690449738
1690449738
1690449738
1690449738
1690449738
1690449738
1690449739
1690449739
1690449739
1690449739
1690449739
1690449739
1690449739
1690449739
1690449739
1690449739
1690449739
1690449739
1690449739
1690449739
1690449740
1690449740
1690449740
1690449740
1690449740
1690449740
1690449740
1690449740
1690449740
1690449740
1690449740
1690449740
1690449740
1690449741
1690449741
1690449741
1690449741
1690449741
1690449741
1690449741
1690449741
1690449741
1690449741
1690449741
1690449741
1690449741
1690449741
1690449756
1690449756
1690449756
1690449756
1690449756
1690449756
1690449756
1690449756
1690449756
1690449756
1690449756
1690449756
1690449757
1690449757
1690449757
1690449757
1690449757
1690449757
1690449757
1690449757
1690449757
1690449757
1690449757
1690449757
1690449757
1690449757
1690449758
1690449758
1690449758
1690449758
1690449758
1690449758
1690449758
1690449758
1690449758
1690449758
1690449758
1690449758
1690449758
1690449759
1690449759
1690449759
1690449759
1690449759
1690449759
1690449759
1690449759
1690449759
1690449759
1690449759
1690449759
1690449759
1690449759
1690449760
1690449760
1690449760
1690449760
1690449760
1690449760
1690449760
1690449760
1690449760
1690449760
1690449760
1690449760
1690449760
1690449761
1690449761
1690449761
1690449761
1690449761
1690449761
1690449761
1690449761
1690449761
1690449761
1690449761
1690449761
1690449761
1690449762
1690449762
1690449762
1690449762
1690449762
1690449762
1690449762
1690449762
1690449762
1690449762
1690449762
1690449762
1690449762
1690449762
1690449763
1690449763
1690449763
1690449763
1690449763
1690449763
1690449763
1690449763
1690449763
1690449763
1690449763
1690449763
1690449763
1690449763
1690449764
1690449764
1690449764
1690449764
1690449764
1690449764
1690449764
1690449764
1690449764
1690449764
1690449764
1690449764
1690449764
1690449765
1690449765
1690449765
1690449765
1690449765
1690449765
1690449765
1690449765
1690449765
1690449765
1690449765
1690449765
1690449765
1690449766
1690449766
1690449766
1690449766
1690449766
1690449766
1690449766
1690449766
1690449766
1690449766
1690449766
1690449766
1690449766
1690449767
1690449767
1690449767
1690449767
1690449767
1690449767
1690449767
1690449767
1690449767
1690449767
1690449767
1690449767
1690449767
1690449767
1690449768
1690449768
1690449768
1690449768
1690449768
1690449768
1690449768
1690449768
1690449768
1690449768
1690449768
1690449768
1690449768
1690449769
1690449769
1690449769
1690449769
1690449769
1690449769
1690449769
1690449769
1690449769
1690449769
1690449769
1690449769
1690449769
1690449770
1690449770
1690449770
1690449770
1690449770
1690449770
1690449770
1690449770
1690449770
1690449770
1690449770
1690449770
1690449770
1690449770
1690449771
1690449771
1690449771
1690449771
1690449771
1690449771
1690449771
1690449771
1690449771
1690449771
1690449771
1690449771
1690449771
1690449772
1690449772
1690449772
1690449772
1690449772
1690449772
1690449772
1690449772
1690449772
1690449772
1690449772
1690449772
1690449772
1690449773
1690449773
1690449773
1690449773
1690449773
1690449773
1690449773
1690449773
1690449773
1690449773
1690449773
1690449773
1690449773
1690449773
1690449774
1690449774
1690449774
1690449774
1690449774
1690449774
1690449774
1690449774
1690449774
1690449774
1690449774
1690449774
1690449774
1690449775
1690449775
1690449775
1690449775
1690449775
1690449775
1690449775
1690449775
1690449775
1690449775
1690449775
1690449775
1690449775
1690449775
1690449776
1690449776
1690449776
1690449776
1690449776
1690449776
1690449776
1690449776
1690449776
1690449776
1690449776
1690449776
1690449776
1690449777
1690449777
1690449777
1690449777
1690449777
1690449777
1690449777
1690449777
1690449777
1690449777
1690449777
1690449777
1690449777
1690449777
1690449778
1690449778
1690449778
1690449778
1690449778
1690449778
1690449778
1690449827
1690449827
1690449827
1690449827
1690449827
1690449827
1690449827
1690449827
1690449827
1690449827
1690449827
1690449827
1690449827
1690449828
1690449828
1690449828
1690449828
1690449828
1690449828
1690449828
1690449828
1690449828
1690449828
1690449828
1690449828
1690449828
1690449829
1690449829
1690449829
1690449829
1690449829
1690449829
1690449829
1690449829
1690449829
1690449829
1690449829
1690449829
1690449829
1690449830
1690449830
1690449830
1690449830
1690449830
1690449830
1690449830
1690449830
1690449830
1690449830
1690449830
1690449830
1690449830
1690449831
1690449831
1690449831
1690449831
1690449831
1690449831
1690449831
1690449831
1690449831
1690449831
1690449831
1690449831
1690449831
1690449831
1690449832
1690449832
1690449832
1690449832
1690449832
1690449832
1690449832
1690449832
1690449832
1690449832
1690449832
1690449832
1690449832
1690449833
1690449833
1690449833
1690449833
1690449833
1690449833
1690449833
1690449833
1690449833
1690449833
1690449833
1690449833
1690449833
1690449834
1690449834
1690449834
1690449834
1690449834
1690449834
1690449834
1690449834
1690449834
1690449834
1690449834
1690449834
1690449834
1690449834
1690449835
1690449835
1690449835
1690449835
1690449835
1690449835
1690449835
1690449835
1690449835
1690449835
1690449835
1690449835
1690449836
1690449836
1690449836
1690449836
1690449836
1690449836
1690449836
1690449836
1690449836
1690449836
1690449836
1690449836
1690449836
1690449836
1690449837
1690449837
1690449837
1690449837
1690449837
1690449837
1690449837
1690449837
1690449837
1690449837
1690449837
1690449837
1690449837
1690449838
1690449838
1690449838
1690449838
1690449838
1690449838
1690449838
1690449838
1690449838
1690449838
1690449838
1690449838
1690449838
1690449839
1690449839
1690449839
1690449839
1690449839
1690449839
1690449839
1690449839
1690449839
1690449839
1690449839
1690449839
1690449839
1690449839
1690449840
1690449840
1690449840
1690449840
1690449840
1690449840
1690449840
1690449840
1690449840
1690449840
1690449840
1690449840
1690449840
1690449841
1690449841
1690449841
1690449841
1690449841
1690449841
1690449841
1690449841
1690449841
1690449841
1690449841
1690449841
1690449841
1690449841
1690449842
1690449842
1690449842
1690449842
1690449842
1690449842
1690449842
1690449842
1690449842
1690449842
1690449842
1690449842
1690449842
1690449843
1690449843
1690449843
1690449843
1690449843
1690449843
1690449843
1690449843
1690449843
1690449843
1690449843
1690449843
1690449843
1690449844
1690449844
1690449844
1690449844
1690449844
1690449844
1690449844
1690449844
1690449844
1690449844
1690449844
1690449844
1690449844
1690449845
1690449845
1690449845
1690449845
1690449845
1690449845
1690449845
1690449845
1690449845
1690449845
1690449845
1690449845
1690449845
1690449845
1690449846
1690449846
1690449846
1690449846
1690449846
1690449846
1690449846
1690449846
1690449846
1690449846
1690449846
1690449846
1690449846
1690449847
1690449847
1690449847
1690449847
1690449847
1690449847
1690449847
1690449847
1690449847
1690449847
1690449847
1690449847
1690449847
1690449848
1690449848
1690449848
1690449848
1690449848
1690449848
1690449848
1690449848
1690449848
1690449848
1690449848
1690449848
1690449848
1690449849
1690449849
1690449849
1690449849
1690449849
1690449849
1690449849
1690449849
1690449849
1690449849
1690449861
1690449861
1690449861
1690449861
1690449862
1690449862
1690449862
1690449862
1690449862
1690449862
1690449862
1690449862
1690449862
1690449862
1690449862
1690449862
1690449862
1690449863
1690449863
1690449863
1690449863
1690449863
1690449863
1690449863
1690449863
1690449863
1690449863
1690449863
1690449863
1690449863
1690449864
1690449864
1690449864
1690449864
1690449864
1690449864
1690449864
1690449864
1690449864
1690449864
1690449864
1690449864
1690449864
1690449865
1690449865
1690449865
1690449865
1690449865
1690449865
1690449865
1690449865
1690449865
1690449865
1690449865
1690449865
1690449865
1690449865
1690449866
1690449866
1690449866
1690449866
1690449866
1690449866
1690449866
1690449866
1690449866
1690449866
1690449866
1690449866
1690449866
1690449867
1690449867
1690449867
1690449867
1690449867
1690449867
1690449867
1690449867
1690449867
1690449867
1690449867
1690449867
1690449867
1690449867
1690449868
1690449868
1690449868
1690449868
1690449868
1690449868
1690449868
1690449868
1690449868
1690449868
1690449868
1690449868
1690449868
1690449869
1690449869
1690449869
1690449869
1690449869
1690449869
1690449869
1690449869
1690449869
1690449869
1690449869
1690449869
1690449869
1690449869
1690449870
1690449870
1690449870
1690449870
1690449870
1690449870
1690449870
1690449870
1690449870
1690449870
1690449870
1690449870
1690449870
1690449871
1690449871
1690449871
1690449871
1690449871
1690449871
1690449871
1690449871
1690449871
1690449871
1690449871
1690449871
1690449871
1690449872
1690449872
1690449872
1690449872
1690449872
1690449872
1690449872
1690449872
1690449872
1690449872
1690449872
1690449872
1690449872
1690449872
1690449873
1690449873
1690449873
1690449873
1690449873
1690449873
1690449873
1690449873
1690449873
1690449873
1690449873
1690449873
1690449873
1690449874
1690449874
1690449874
1690449874
1690449874
1690449874
1690449874
1690449874
1690449874
1690449874
1690449874
1690449874
1690449874
1690449875
1690449875
1690449875
1690449875
1690449875
1690449875
1690449875
1690449875
1690449875
1690449875
1690449875
1690449875
1690449875
1690449875
1690449876
1690449876
1690449876
1690449876
1690449876
1690449876
1690449876
1690449876
1690449876
1690449876
1690449876
1690449876
1690449876
1690449876
1690449877
1690449877
1690449877
1690449877
1690449877
1690449877
1690449877
1690449877
1690449877
1690449877
1690449877
1690449877
1690449877
1690449878
1690449878
1690449878
1690449878
1690449878
1690449878
1690449878
1690449878
1690449878
1690449878
1690449878
1690449878
1690449878
1690449879
1690449879
1690449879
1690449879
1690449879
1690449879
1690449879
1690449879
1690449879
1690449879
1690449879
1690449879
1690449879
1690449879
1690449880
1690449880
1690449880
1690449880
1690449880
1690449880
1690449880
1690449880
1690449880
1690449880
1690449880
1690449880
1690449880
1690449881
1690449881
1690449881
1690449881
1690449881
1690449881
1690449881
1690449881
1690449881
1690449881
1690449881
1690449881
1690449881
1690449881
1690449882
1690449882
1690449882
1690449882
1690449882
1690449882
1690449882
1690449882
1690449882
1690449882
1690449882
1690449882
1690449882
1690449883
1690449883
1690449883
1690449883
1690449883
1690449883
1690449883
1690449883
1690449883
1690449883
1690449883
1690449883
1690449883
1690449884
1690449884
1690449884
1690449900
1690449900
1690449900
1690449900
1690449900
1690449900
1690449900
1690449901
1690449901
1690449901
1690449901
1690449901
1690449901
1690449901
1690449901
1690449901
1690449901
1690449901
1690449901
1690449901
1690449902
1690449902
1690449902
1690449902
1690449902
1690449902
1690449902
1690449902
1690449902
1690449902
1690449902
1690449902
1690449902
1690449902
1690449903
1690449903
1690449903
1690449903
1690449903
1690449903
1690449903
1690449903
1690449903
1690449903
1690449903
1690449903
1690449903
1690449904
1690449904
1690449904
1690449904
1690449904
1690449904
1690449904
1690449904
1690449904
1690449904
1690449904
1690449904
1690449904
1690449905
1690449905
1690449905
1690449905
1690449905
1690449905
1690449905
1690449905
1690449905
1690449905
1690449905
1690449905
1690449905
1690449906
1690449906
1690449906
1690449906
1690449906
1690449906
1690449906
1690449906
1690449906
1690449906
1690449906
1690449906
1690449906
1690449906
1690449907
1690449907
1690449907
1690449907
1690449907
1690449907
1690449907
1690449907
1690449907
1690449907
1690449907
1690449907
1690449907
1690449908
1690449908
1690449908
1690449908
1690449908
1690449908
1690449908
1690449908
1690449908
1690449908
1690449908
1690449908
1690449908
1690449909
1690449909
1690449909
1690449909
1690449909
1690449909
1690449909
1690449909
1690449909
1690449909
1690449909
1690449909
1690449909
1690449910
1690449910
1690449910
1690449910
1690449910
1690449910
1690449910
1690449910
1690449910
1690449910
1690449910
1690449910
1690449910
1690449910
1690449911
1690449911
1690449911
1690449911
1690449911
1690449911
1690449911
1690449911
1690449911
1690449911
1690449911
1690449911
1690449911
1690449912
1690449912
1690449912
1690449912
1690449912
1690449912
1690449912
1690449912
1690449912
1690449912
1690449912
1690449912
1690449912
1690449912
1690449913
1690449913
1690449913
1690449913
1690449913
1690449913
1690449913
1690449913
1690449913
1690449913
1690449913
1690449913
1690449913
1690449914
1690449914
1690449914
1690449914
1690449914
1690449914
1690449914
1690449914
1690449914
1690449914
1690449914
1690449914
1690449914
1690449914
1690449915
1690449915
1690449915
1690449915
1690449915
1690449915
1690449915
1690449915
1690449915
1690449915
1690449915
1690449915
1690449915
1690449916
1690449916
1690449916
1690449916
1690449916
1690449916
1690449916
1690449916
1690449916
1690449916
1690449916
1690449916
1690449916
1690449916
1690449917
1690449917
1690449917
1690449917
1690449917
1690449917
1690449917
1690449917
1690449917
1690449917
1690449917
1690449917
1690449917
1690449918
1690449918
1690449918
1690449918
1690449918
1690449918
1690449918
1690449918
1690449918
1690449918
1690449918
1690449918
1690449918
1690449919
1690449919
1690449919
1690449919
1690449919
1690449919
1690449919
1690449919
1690449919
1690449919
1690449919
1690449919
1690449919
1690449919
1690449920
1690449920
1690449920
1690449920
1690449920
1690449920
1690449920
1690449920
1690449920
1690449920
1690449920
1690449920
1690449920
1690449921
1690449921
1690449921
1690449921
1690449921
1690449921
1690449921
1690449921
1690449921
1690449921
1690449921
1690449921
1690449921
1690449921
1690449922
1690449922
1690449922
1690449922
1690449922
1690449922
1690449922
1690449922
1690449922
1690449922
1690449922
1690449922
1690449922
