1689258773
1689258773
1689258773
1689258774
1689258774
1689258774
1689258774
1689258774
1689258774
1689258774
1689258774
1689258774
1689258774
1689258774
1689258774
1689258774
1689258774
1689258774
1689258775
1689258775
1689258775
1689258775
1689258775
1689258775
1689258775
1689258775
1689258775
1689258775
1689258775
1689258775
1689258775
1689258776
1689258776
1689258776
1689258776
1689258776
1689258776
1689258776
1689258776
1689258776
1689258776
1689258776
1689258776
1689258776
1689258776
1689258776
1689258777
1689258777
1689258777
1689258777
1689258777
1689258777
1689258777
1689258777
1689258777
1689258777
1689258777
1689258777
1689258777
1689258777
1689258777
1689258778
1689258778
1689258778
1689258778
1689258778
1689258778
1689258778
1689258778
1689258778
1689258778
1689258778
1689258778
1689258778
1689258778
1689258778
1689258779
1689258779
1689258779
1689258779
1689258779
1689258779
1689258779
1689258779
1689258779
1689258779
1689258779
1689258779
1689258779
1689258779
1689258779
1689258780
1689258780
1689258780
1689258780
1689258780
1689258780
1689258780
1689258780
1689258780
1689258780
1689258781
1689258781
1689258781
1689258781
1689258781
1689258781
1689258781
1689258781
1689258781
1689258781
1689258781
1689258781
1689258781
1689258782
1689258782
1689258782
1689258782
1689258782
1689258782
1689258782
1689258782
1689258782
1689258782
1689258782
1689258782
1689258782
1689258782
1689258783
1689258783
1689258783
1689258783
1689258783
1689258783
1689258783
1689258783
1689258784
1689258784
1689258784
1689258784
1689258784
1689258784
1689258784
1689258784
1689258784
1689258784
1689258784
1689258784
1689258784
1689258784
1689258785
1689258785
1689258785
1689258785
1689258785
1689258785
1689258785
1689258785
1689258785
1689258785
1689258785
1689258785
1689258785
1689258785
1689258785
1689258786
1689258786
1689258786
1689258786
1689258786
1689258786
1689258786
1689258786
1689258786
1689258786
1689258786
1689258786
1689258786
1689258786
1689258786
1689258787
1689258787
1689258787
1689258787
1689258787
1689258787
1689258787
1689258787
1689258787
1689258787
1689258787
1689258787
1689258787
1689258787
1689258787
1689258788
1689258788
1689258788
1689258788
1689258788
1689258788
1689258788
1689258788
1689258788
1689258788
1689258788
1689258788
1689258788
1689258788
1689258788
1689258789
1689258789
1689258789
1689258789
1689258789
1689258789
1689258789
1689258789
1689258789
1689258789
1689258789
1689258789
1689258789
1689258789
1689258790
1689258790
1689258790
1689258790
1689258790
1689258790
1689258790
1689258790
1689258790
1689258790
1689258791
1689258791
1689258791
1689258791
1689258791
1689258791
1689258791
1689258791
1689258791
1689258791
1689258791
1689258792
1689258792
1689258792
1689258792
1689258792
1689258792
1689258792
1689258792
1689258792
1689258792
1689258792
1689258793
1689258793
1689258793
1689258793
1689258793
1689258793
1689258793
1689258793
1689258793
1689258793
1689258793
1689258793
1689258793
1689258793
1689258794
1689258794
1689258794
1689258794
1689258794
1689258794
1689258794
1689258794
1689258794
1689258794
1689258794
1689258794
1689258794
1689258794
1689258795
1689258795
1689258795
1689258795
1689258795
1689258795
1689258795
1689258795
1689258795
1689258795
1689258795
1689258795
1689258795
1689258796
1689258796
1689258796
1689258796
1689258796
1689258796
1689258796
1689258796
1689258796
1689258796
1689258796
1689258796
1689258796
1689258796
1689258796
1689258797
1689258797
1689258797
1689258797
1689258797
1689258797
1689258797
1689258797
1689258797
1689258797
1689258797
1689258797
1689258797
1689258797
1689258798
1689258798
1689258798
1689258798
1689258798
1689258798
1689258798
1689258798
1689258798
1689258798
1689258798
1689258798
1689258798
1689258799
1689258799
1689258799
1689258799
1689258799
1689258799
1689258799
1689258799
1689258799
1689258799
1689258799
1689258799
1689258799
1689258799
1689258799
1689258800
1689258800
1689258800
1689258800
1689258800
1689258800
1689258800
1689258800
1689258800
1689258800
1689258800
1689258800
1689258800
1689258800
1689258800
1689258801
1689258801
1689258801
1689258801
1689258801
1689258801
1689258801
1689258801
1689258801
1689258801
1689258801
1689258801
1689258801
1689258801
1689258802
1689258802
1689258802
1689258802
1689258802
1689258802
1689258802
1689258802
1689258802
1689258802
1689258802
1689258802
1689258803
1689258803
1689258803
1689258803
1689258803
1689258803
1689258803
1689258803
1689258803
1689258803
1689258803
1689258803
1689258803
1689258803
1689258804
1689258804
1689258804
1689258804
1689258804
1689258804
1689258804
1689258804
1689258804
1689258804
1689258804
1689258804
1689258804
1689258804
1689258805
1689258805
1689258805
1689258805
1689258805
1689258805
1689258805
1689258805
1689258805
1689258805
1689258805
1689258805
1689258805
1689258805
1689258805
1689258806
1689258806
1689258806
1689258806
1689258806
1689258806
1689258806
1689258806
1689258806
1689258806
1689258806
1689258806
1689258806
1689258806
1689258806
1689258806
1689258807
1689258807
1689258807
1689258807
1689258807
1689258807
1689258807
1689258807
1689258807
1689258807
1689258807
1689258808
1689258808
1689258808
1689258808
1689258808
1689258808
1689258808
1689258808
1689258808
1689258808
1689258808
1689258808
1689258808
1689258808
1689258808
1689258809
1689258809
1689258809
1689258809
1689258809
1689258809
1689258809
1689258809
1689258809
1689258809
1689258809
1689258809
1689258809
1689258809
1689258810
1689258810
1689258810
1689258810
1689258810
1689258810
1689258810

1689672860
1689672860
1689672860
1689672861
1689672861
1689672861
1689672861
1689672861
1689672861
1689672861
1689672861
1689672861
1689672861
1689672861
1689672861
1689672861
1689672861
1689672862
1689672862
1689672862
1689672862
1689672862
1689672862
1689672862
1689672862
1689672862
1689672862
1689672862
1689672862
1689672862
1689672862
1689672862
1689672863
1689672863
1689672863
1689672863
1689672863
1689672863
1689672863
1689672863
1689672863
1689672863
1689672863
1689672863
1689672863
1689672863
1689672863
1689672864
1689672864
1689672864
1689672864
1689672864
1689672864
1689672864
1689672864
1689672864
1689672864
1689672864
1689672864
1689672864
1689672864
1689672864
1689672865
1689672865
1689672865
1689672865
1689672865
1689672865
1689672865
1689672865
1689672865
1689672865
1689672865
1689672865
1689672865
1689672866
1689672866
1689672866
1689672866
1689672866
1689672866
1689672866
1689672866
1689672866
1689672866
1689672866
1689672866
1689672866
1689672867
1689672867
1689672867
1689672867
1689672867
1689672867
1689672867
1689672867
1689672867
1689672867
1689672867
1689672867
1689672867
1689672867
1689672867
1689672868
1689672868
1689672868
1689672868
1689672868
1689672868
1689672868
1689672868
1689672868
1689672868
1689672868
1689672868
1689672868
1689672868
1689672868
1689672869
1689672869
1689672869
1689672869
1689672869
1689672869
1689672869
1689672869
1689672869
1689672869
1689672869
1689672869
1689672869
1689672869
1689672870
1689672870
1689672870
1689672870
1689672870
1689672870
1689672870
1689672870
1689672870
1689672870
1689672870
1689672870
1689672870
1689672870
1689672870
1689672871
1689672871
1689672871
1689672871
1689672871
1689672871
1689672871
1689672871
1689672871
1689672871
1689672871
1689672871
1689672871
1689672871
1689672872
1689672872
1689672872
1689672872
1689672872
1689672872
1689672872
1689672872
1689672872
1689672872
1689672872
1689672872
1689672872
1689672872
1689672872
1689672873
1689672873
1689672873
1689672873
1689672873
1689672873
1689672873
1689672873
1689672873
1689672873
1689672873
1689672873
1689672873
1689672873
1689672873
1689672874
1689672874
1689672874
1689672874
1689672874
1689672874
1689672874
1689672874
1689672874
1689672874
1689672874
1689672874
1689672874
1689672875
1689672875
1689672875
1689672875
1689672875
1689672875
1689672875
1689672875
1689672875
1689672875
1689672875
1689672875
1689672875
1689672875
1689672876
1689672876
1689672876
1689672876
1689672876
1689672876
1689672876
1689672876
1689672876
1689672876
1689672876
1689672876
1689672876
1689672876
1689672876
1689672877
1689672877
1689672877
1689672877
1689672877
1689672877
1689672877
1689672877
1689672877
1689672877
1689672877
1689672877
1689672877
1689672878
1689672878
1689672878
1689672878
1689672878
1689672878
1689672878
1689672879
1689672879
1689672879
1689672879
1689672879
1689672879
1689672879
1689672879
1689672879
1689672879
1689672879
1689672879
1689672879
1689672879
1689672880
1689672880
1689672880
1689672880
1689672880
1689672880
1689672880
1689672880
1689672880
1689672880
1689672880
1689672880
1689672880
1689672880
1689672880
1689672881
1689672881
1689672881
1689672881
1689672881
1689672881
1689672881
1689672881
1689672881
1689672881
1689672881
1689672881
1689672881
1689672882
1689672882
1689672882
1689672882
1689672882
1689672882
1689672882
1689672882
1689672882
1689672882
1689672882
1689672882
1689672883
1689672883
1689672883
1689672883
1689672883
1689672883
1689672883
1689672883
1689672883
1689672883
1689672883
1689672883
1689672883
1689672884
1689672884
1689672884
1689672884
1689672884
1689672884
1689672884
1689672884
1689672884
1689672884
1689672884
1689672884
1689672884
1689672884
1689672884
1689672885
1689672885
1689672885
1689672885
1689672885
1689672885
1689672885
1689672885
1689672885
1689672885
1689672885
1689672885
1689672886
1689672886
1689672886
1689672886
1689672887
1689672887
1689672887
1689672887
1689672887
1689672887
1689672887
1689672887
1689672887
1689672887
1689672887
1689672888
1689672888
1689672888
1689672888
1689672889
1689672889
1689672889
1689672889
1689672890
1689672890
1689672890
1689672890
1689672890
1689672890
1689672890
1689672890
1689672890
1689672890
1689672891
1689672891
1689672891
1689672891
1689672891
1689672891
1689672891
1689672891
1689672892
1689672892
1689672892
1689672892
1689672892
1689672892
1689672892
1689672892
1689672892
1689672892
1689672892
1689672892
1689672892
1689672892
1689672892
1689672893
1689672893
1689672893
1689672893
1689672893
1689672893
1689672893
1689672893
1689672893
1689672893
1689672894
1689672894
1689672894
1689672894
1689672894
1689672894
1689672894
1689672894
1689672894
1689672894
1689672894
1689672895
1689672895
1689672895
1689672895
1689672895
1689672895
1689672895
1689672895
1689672895
1689672895
1689672895
1689672895
1689672895
1689672895
1689672895
1689672895
1689672896
1689672896
1689672896
1689672896
1689672896
1689672896
1689672896
1689672896
1689672896
1689672896
1689672896
1689672896
1689672896
1689672896
1689672896
1689672897
1689672897
1689672897
1689672897
1689672897
1689672897
1689672897
1689672897
1689672897
1689672897
1689672897
1689672897
1689672897
1689672898
1689672898
1689672898
1689672898
1689672898
1689672898
1689672898
1689672898
1689672898
1689672898
1689672898
1689672898
1689672898
1689672898
1689672898
1689672899
1689672899
1689672899
1689672899
1689672899
1689672899
1689672899
1689672899
1689672899
1689672899
1689672899
1689672899
1689672900
1689672900
1689672900
1689672900
1689672900
1689672900
1689672916
1689672916
1689672916
1689672916
1689672916
1689672916
1689672916
1689672916
1689672917
1689672917
1689672917
1689672917
1689672917
1689672917
1689672917
1689672917
1689672917
1689672917
1689672917
1689672917
1689672918
1689672918
1689672918
1689672918
1689672918
1689672918
1689672918
1689672918
1689672918
1689672918
1689672918
1689672918
1689672919
1689672919
1689672919
1689672919
1689672919
1689672919
1689672919
1689672919
1689672919
1689672919
1689672919
1689672919
1689672919
1689672919
1689672919
1689672920
1689672920
1689672920
1689672920
1689672920
1689672920
1689672920
1689672920
1689672920
1689672920
1689672920
1689672920
1689672920
1689672920
1689672921
1689672921
1689672921
1689672921
1689672921
1689672921
1689672921
1689672921
1689672921
1689672922
1689672922
1689672922
1689672922
1689672922
1689672922
1689672922
1689672922
1689672922
1689672922
1689672922
1689672922
1689672922
1689672922
1689672923
1689672923
1689672923
1689672923
1689672923
1689672923
1689672923
1689672923
1689672923
1689672923
1689672923
1689672923
1689672923
1689672923
1689672923
1689672924
1689672924
1689672924
1689672924
1689672924
1689672924
1689672924
1689672924
1689672924
1689672924
1689672924
1689672924
1689672924
1689672924
1689672924
1689672925
1689672925
1689672925
1689672925
1689672925
1689672925
1689672925
1689672925
1689672925
1689672925
1689672925
1689672925
1689672925
1689672926
1689672926
1689672926
1689672926
1689672926
1689672926
1689672926
1689672926
1689672926
1689672926
1689672926
1689672926
1689672926
1689672926
1689672926
1689672927
1689672927
1689672927
1689672927
1689672927
1689672927
1689672927
1689672927
1689672927
1689672927
1689672927
1689672927
1689672927
1689672927
1689672927
1689672928
1689672928
1689672928
1689672928
1689672928
1689672928
1689672928
1689672928
1689672928
1689672928
1689672928
1689672928
1689672928
1689672928
1689672928
1689672929
1689672929
1689672929
1689672929
1689672929
1689672929
1689672929
1689672929
1689672929
1689672929
1689672929
1689672929
1689672929
1689672929
1689672929
1689672930
1689672930
1689672930
1689672930
1689672930
1689672930
1689672930
1689672930
1689672930
1689672930
1689672930
1689672930
1689672930
1689672931
1689672931
1689672931
1689672931
1689672931
1689672931
1689672931
1689672931
1689672932
1689672932
1689672932
1689672933
1689672933
1689672933
1689672933
1689672933
1689672933
1689672933
1689672933
1689672933
1689672934
1689672934
1689672934
1689672934
1689672934
1689672934
1689672934
1689672934
1689672934
1689672934
1689672934
1689672934
1689672934
1689672934
1689672934
1689672935
1689672935
1689672935
1689672935
1689672935
1689672935
1689672935
1689672935
1689672935
1689672935
1689672935
1689672935
1689672935
1689672935
1689672935
1689672935
1689672936
1689672936
1689672936
1689672936
1689672936
1689672936
1689672936
1689672936
1689672936
1689672936
1689672936
1689672936
1689672936
1689672936
1689672936
1689672937
1689672937
1689672937
1689672937
1689672937
1689672937
1689672937
1689672937
1689672937
1689672937
1689672937
1689672937
1689672937
1689672937
1689672937
1689672938
1689672938
1689672938
1689672938
1689672938
1689672938
1689672938
1689672938
1689672938
1689672938
1689672938
1689672938
1689672938
1689672938
1689672938
1689672939
1689672939
1689672939
1689672939
1689672939
1689672939
1689672939
1689672939
1689672940
1689672940
1689672940
1689672940
1689672940
1689672940
1689672940
1689672940
1689672940
1689672940
1689672940
1689672941
1689672941
1689672941
1689672941
1689672941
1689672941
1689672941
1689672941
1689672941
1689672941
1689672941
1689672941
1689672941
1689672941
1689672942
1689672942
1689672942
1689672942
1689672942
1689672942
1689672942
1689672942
1689672942
1689672942
1689672942
1689672942
1689672942
1689672942
1689672943
1689672943
1689672943
1689672943
1689672943
1689672943
1689672943
1689672943
1689672943
1689672943
1689672943
1689672943
1689672943
1689672943
1689672943
1689672944
1689672944
1689672944
1689672944
1689672944
1689672944
1689672944
1689672944
1689672944
1689672944
1689672944
1689672944
1689672944
1689672944
1689672945
1689672945
1689672945
1689672945
1689672945
1689672945
1689672945
1689672945
1689672945
1689672945
1689672945
1689672945
1689672946
1689672946
1689672946
1689672946
1689672946
1689672946
1689672946
1689672947
1689672947
1689672947
1689672947
1689672947
1689672947
1689672947
1689672947
1689672947
1689672947
1689672948
1689672948
1689672948
1689672948
1689672948
1689672948
1689672948
1689672948
1689672948
1689672948
1689672948
1689672948
1689672948
1689672948
1689672948
1689672949
1689672949
1689672949
1689672949
1689672949
1689672949
1689672949
1689672949
1689672949
1689672949
1689672949
1689672949
1689672949
1689672949
1689672950
1689672950
1689672950
1689672950
1689672950
1689672950
1689672950
1689672950
1689672950
1689672950
1689672950
1689672950
1689672950
1689672951
1689672951
1689672951
1689672951
1689672951
1689672951
1689672951
1689672951
1689672951
1689672951
1689672951
1689672952
1689672952
1689672952
1689672952
1689672952
1689672952
1689672952
1689672952
1689672952
1689672952
1689672952
1689672952
1689672952
1689672953
1689672953
1689672953
1689672953
1689672953
1689672953
1689672953
1689672953
1689672953
1689672953
1689672953
1689672953
1689672953
1689672953
1689672953
1689672954
1689672954
1689672954
1689672954
1689672954
1689672954
1689672954
1689672954
1689672954
1689672954
1689672954
1689672954
1689672954
1689672955
1689672955
1689672955
